%YAML:1.0
---
# The following values contain the results of the statistical analysis for the keypoint distribution and detector results.
characteristics:
   response:
      count: 3600
      min: 4.5963110351562500e+03
      max: 3.5448093750000000e+04
      median: 7.5474536132812500e+03
      mean: 8.4148906250000000e+03
      variance: 9497944.
      stddev: 3.0818735351562500e+03
      skewness: 2.2156999111175537e+00
      decentils:
         - 5.7541455078125000e+03
         - 6.1947055664062500e+03
         - 6.5898818359375000e+03
         - 7.0198129882812500e+03
         - 7.5474536132812500e+03
         - 8.1312387695312500e+03
         - 8.9787939453125000e+03
         - 1.0210971679687500e+04
         - 1.2187166992187500e+04
   size:
      count: 3600
      min: 10.
      max: 19.
      median: 16.
      mean: 1.5618599891662598e+01
      variance: 1.1553999185562134e+00
      stddev: 1.0749000310897827e+00
      skewness: -4.0169999003410339e-01
      decentils:
         - 14.
         - 15.
         - 15.
         - 15.
         - 16.
         - 16.
         - 16.
         - 16.
         - 17.
distance:
   count: 3588
   min: 7.3129999637603760e-01
   max: 1.9873629150390625e+03
   median: 2.6428298950195312e+01
   mean: 5.2375999450683594e+01
   variance: 1.0309380859375000e+04
   stddev: 1.0153509521484375e+02
   skewness: 9.2699995040893555e+00
   decentils:
      - 7.4830102920532227e+00
      - 1.0911508560180664e+01
      - 1.5116179466247559e+01
      - 2.0033338546752930e+01
      - 2.6358669281005859e+01
      - 3.5250640869140625e+01
      - 4.7054691314697266e+01
      - 6.5954109191894531e+01
      - 1.0706996917724609e+02
