%YAML:1.0
---
# The following values contain the results of the statistical analysis for the keypoint distribution and detector results.
characteristics:
   response:
      count: 3600
      min: 4.6036323242187500e+03
      max: 3.5390824218750000e+04
      median: 7.5610112304687500e+03
      mean: 8.4247988281250000e+03
      variance: 9434869.
      stddev: 3.0716230468750000e+03
      skewness: 2.1887998580932617e+00
      decentils:
         - 5.7682978515625000e+03
         - 6.2097500000000000e+03
         - 6.5943022460937500e+03
         - 7.0306264648437500e+03
         - 7.5610112304687500e+03
         - 8.1390249023437500e+03
         - 9.0234882812500000e+03
         - 1.0230636718750000e+04
         - 1.2172084960937500e+04
   size:
      count: 3600
      min: 10.
      max: 20.
      median: 16.
      mean: 1.5615799903869629e+01
      variance: 1.1809999942779541e+00
      stddev: 1.0867999792098999e+00
      skewness: -4.0109997987747192e-01
      decentils:
         - 14.
         - 15.
         - 15.
         - 15.
         - 16.
         - 16.
         - 16.
         - 16.
         - 17.
distance:
   count: 3588
   min: 5.2059996128082275e-01
   max: 2.0950566406250000e+03
   median: 2.6366498947143555e+01
   mean: 5.1761497497558594e+01
   variance: 9.6295410156250000e+03
   stddev: 9.8130195617675781e+01
   skewness: 9.6925001144409180e+00
   decentils:
      - 7.5135326385498047e+00
      - 1.0966460227966309e+01
      - 1.5210085868835449e+01
      - 2.0181831359863281e+01
      - 2.6355030059814453e+01
      - 3.5249675750732422e+01
      - 4.7058906555175781e+01
      - 6.6647117614746094e+01
      - 1.0874996185302734e+02
