%YAML:1.0
---
# The following values contain the results of the statistical analysis for the keypoint distribution and detector results.
characteristics:
   response:
      count: 440400
      min: 1.1177696533203125e+03
      max: 6.5068253906250000e+04
      median: 5.9499335937500000e+03
      mean: 7.3803110351562500e+03
      variance: 21444570.
      stddev: 4.6308281250000000e+03
      skewness: 2.1306998729705811e+00
      decentils:
         - 3.3637573242187500e+03
         - 3.9461545410156250e+03
         - 4.5520083007812500e+03
         - 5.1978374023437500e+03
         - 5.9499335937500000e+03
         - 6.8977778320312500e+03
         - 8.1597480468750000e+03
         - 1.0002449218750000e+04
         - 1.3280064453125000e+04
   size:
      count: 440400
      min: 9.
      max: 21.
      median: 16.
      mean: 1.5496099472045898e+01
      variance: 7.9979997873306274e-01
      stddev: 8.9429998397827148e-01
      skewness: 2.7171598434448242e+01
      decentils:
         - 14.
         - 15.
         - 15.
         - 15.
         - 16.
         - 16.
         - 16.
         - 16.
         - 17.
distance:
   count: 438932
   min: 3.7250000238418579e-01
   max: 7.7399749755859375e+02
   median: 1.4447999954223633e+01
   mean: 2.2611598968505859e+01
   variance: 9.9809216308593750e+02
   stddev: 3.1592599868774414e+01
   skewness: 7.5247998237609863e+00
   decentils:
      - 6.8127388954162598e+00
      - 8.2852401733398438e+00
      - 1.0341496467590332e+01
      - 1.2175650596618652e+01
      - 1.4447928428649902e+01
      - 1.7437305450439453e+01
      - 2.1556392669677734e+01
      - 2.8080415725708008e+01
      - 4.2444679260253906e+01
