%YAML:1.0
---
classification:
   relevant_elements: 13907
   irrelevant_elements: 425893
   total_elements: 439800
   selected_elements: 140084
   true_positives: 2000
   false_positives: 138084
   true_negatives: 287809
   false_negatives: 11907
   precision: 1.4300000000000000e-02
   recall: 1.4380000000000001e-01
   fallout: 3.2419999999999999e-01
   sensitivity: 1.4380000000000001e-01
   specificity: 6.7580000000000007e-01
   rand_index: 6.5900000000000003e-01
   youden_index: -1.8040000000000000e-01
masked_points: 91172
