%YAML:1.0
---
# The following values contain the results of the statistical analysis for the keypoint distribution and detector results.
characteristics:
   response:
      count: 440400
      min: 1.1466682128906250e+03
      max: 6.5137679687500000e+04
      median: 5.9498598632812500e+03
      mean: 7.3804677734375000e+03
      variance: 21433568.
      stddev: 4.6296396484375000e+03
      skewness: 2.1305999755859375e+00
      decentils:
         - 3.3649375000000000e+03
         - 3.9474074707031250e+03
         - 4.5534609375000000e+03
         - 5.1988422851562500e+03
         - 5.9498598632812500e+03
         - 6.8993256835937500e+03
         - 8.1607626953125000e+03
         - 1.0002808593750000e+04
         - 1.3279994140625000e+04
   size:
      count: 440400
      min: 9.
      max: 21.
      median: 16.
      mean: 1.5496099472045898e+01
      variance: 8.0179995298385620e-01
      stddev: 8.9550000429153442e-01
      skewness: 2.7087799072265625e+01
      decentils:
         - 14.
         - 15.
         - 15.
         - 15.
         - 16.
         - 16.
         - 16.
         - 16.
         - 17.
distance:
   count: 438932
   min: 3.6949998140335083e-01
   max: 7.8803570556640625e+02
   median: 1.4450999259948730e+01
   mean: 2.2614700317382812e+01
   variance: 9.9278527832031250e+02
   stddev: 3.1508499145507812e+01
   skewness: 7.3842997550964355e+00
   decentils:
      - 6.8142786026000977e+00
      - 8.2869300842285156e+00
      - 1.0342757225036621e+01
      - 1.2174662590026855e+01
      - 1.4450978279113770e+01
      - 1.7437553405761719e+01
      - 2.1559665679931641e+01
      - 2.8078529357910156e+01
      - 4.2486919403076172e+01
