%YAML:1.0
---
# The following values contain the results of the statistical analysis for the keypoint distribution and detector results.
characteristics:
   response:
      count: 34200
      min: 2.2576647949218750e+03
      max: 6.1955562500000000e+04
      median: 6.5601484375000000e+03
      mean: 8.7968984375000000e+03
      variance: 41638536.
      stddev: 6.4527924804687500e+03
      skewness: 1.9449999332427979e+00
      decentils:
         - 3.3301169433593750e+03
         - 3.9406699218750000e+03
         - 4.6473105468750000e+03
         - 5.5048935546875000e+03
         - 6.5601489257812500e+03
         - 7.9924687500000000e+03
         - 9.8728867187500000e+03
         - 1.2583934570312500e+04
         - 1.7559658203125000e+04
   size:
      count: 34200
      min: 9.
      max: 21.
      median: 15.
      mean: 1.5366600036621094e+01
      variance: 1.5277999639511108e+00
      stddev: 1.2359999418258667e+00
      skewness: -9.7399994730949402e-02
      decentils:
         - 14.
         - 14.
         - 15.
         - 15.
         - 15.
         - 16.
         - 16.
         - 16.
         - 17.
distance:
   count: 34086
   min: 5.3339999914169312e-01
   max: 6.8256201171875000e+02
   median: 1.4482699394226074e+01
   mean: 2.2748800277709961e+01
   variance: 9.6467724609375000e+02
   stddev: 3.1059299468994141e+01
   skewness: 7.1025996208190918e+00
   decentils:
      - 6.9216685295104980e+00
      - 8.3178148269653320e+00
      - 1.0179920196533203e+01
      - 1.2121674537658691e+01
      - 1.4479227066040039e+01
      - 1.7568540573120117e+01
      - 2.1744760513305664e+01
      - 2.8420442581176758e+01
      - 4.3198394775390625e+01
