%YAML:1.0
---
classification:
   relevant_elements: 2862
   irrelevant_elements: 30738
   total_elements: 33600
   selected_elements: 11786
   true_positives: 1221
   false_positives: 10565
   true_negatives: 20173
   false_negatives: 1641
   precision: 1.0360000000000001e-01
   recall: 4.2660000000000003e-01
   fallout: 3.4370000000000001e-01
   sensitivity: 4.2660000000000003e-01
   specificity: 6.5629999999999999e-01
   rand_index: 6.3670000000000004e-01
   youden_index: 8.2900000000000001e-02
masked_points: 2194
