%YAML:1.0
---
classification:
   relevant_elements: 2859
   irrelevant_elements: 30741
   total_elements: 33600
   selected_elements: 11855
   true_positives: 1223
   false_positives: 10632
   true_negatives: 20109
   false_negatives: 1636
   precision: 1.0320000000000000e-01
   recall: 4.2780000000000001e-01
   fallout: 3.4590000000000004e-01
   sensitivity: 4.2780000000000001e-01
   specificity: 6.5410000000000001e-01
   rand_index: 6.3490000000000002e-01
   youden_index: 8.1900000000000001e-02
masked_points: 2200
