%YAML:1.0
---
# The following values contain the results of the statistical analysis for the keypoint distribution and detector results.
characteristics:
   response:
      count: 34200
      min: 2.2698232421875000e+03
      max: 6.1999683593750000e+04
      median: 6.5549443359375000e+03
      mean: 8.7927060546875000e+03
      variance: 41612240.
      stddev: 6.4507543945312500e+03
      skewness: 1.9476999044418335e+00
      decentils:
         - 3.3306828613281250e+03
         - 3.9418994140625000e+03
         - 4.6469931640625000e+03
         - 5.5022172851562500e+03
         - 6.5549443359375000e+03
         - 7.9798134765625000e+03
         - 9.8595712890625000e+03
         - 1.2565829101562500e+04
         - 1.7546152343750000e+04
   size:
      count: 34200
      min: 9.
      max: 21.
      median: 15.
      mean: 1.5368700027465820e+01
      variance: 1.5239999294281006e+00
      stddev: 1.2344999313354492e+00
      skewness: -8.7399996817111969e-02
      decentils:
         - 14.
         - 14.
         - 15.
         - 15.
         - 15.
         - 16.
         - 16.
         - 16.
         - 17.
distance:
   count: 34086
   min: 5.2450001239776611e-01
   max: 6.8428375244140625e+02
   median: 1.4481199264526367e+01
   mean: 2.2790300369262695e+01
   variance: 9.8406005859375000e+02
   stddev: 3.1369699478149414e+01
   skewness: 7.1946997642517090e+00
   decentils:
      - 6.9205412864685059e+00
      - 8.3172216415405273e+00
      - 1.0178106307983398e+01
      - 1.2119265556335449e+01
      - 1.4478763580322266e+01
      - 1.7561195373535156e+01
      - 2.1703889846801758e+01
      - 2.8389219284057617e+01
      - 4.3214405059814453e+01
