%YAML:1.0
---
# The following values contain the results of the statistical analysis for the keypoint distribution and detector results.
characteristics:
   response:
      count: 23252
      min: 5.0001269531250000e+02
      max: 9.3711113281250000e+03
      median: 7.3963220214843750e+02
      mean: 9.3211187744140625e+02
      variance: 4.5485818750000000e+05
      stddev: 6.7443176269531250e+02
      skewness: 4.6851997375488281e+00
      decentils:
         - 5.3745843505859375e+02
         - 5.8215197753906250e+02
         - 6.3744976806640625e+02
         - 6.9009289550781250e+02
         - 7.3962005615234375e+02
         - 7.9528936767578125e+02
         - 8.8347436523437500e+02
         - 1.0642243652343750e+03
         - 1.4502220458984375e+03
   size:
      count: 23252
      min: 9.
      max: 20.
      median: 15.
      mean: 1.4734099388122559e+01
      variance: 1.4539999961853027e+00
      stddev: 1.2057999372482300e+00
      skewness: 1.7870000004768372e-01
      decentils:
         - 13.
         - 14.
         - 14.
         - 15.
         - 15.
         - 15.
         - 15.
         - 16.
         - 16.
distance:
   count: 22830
   min: 5.2090001106262207e-01
   max: 9.6185937500000000e+02
   median: 1.3876699447631836e+01
   mean: 3.7717800140380859e+01
   variance: 4.7487143554687500e+03
   stddev: 6.8910896301269531e+01
   skewness: 4.6606998443603516e+00
   decentils:
      - 4.2061729431152344e+00
      - 7.3440713882446289e+00
      - 8.9761428833007812e+00
      - 1.0837003707885742e+01
      - 1.3876696586608887e+01
      - 1.9754713058471680e+01
      - 2.8388195037841797e+01
      - 4.4761875152587891e+01
      - 8.7712020874023438e+01
