%YAML:1.0
---
classification:
   relevant_elements: 5213
   irrelevant_elements: 18006
   total_elements: 23219
   selected_elements: 9329
   true_positives: 3190
   false_positives: 6139
   true_negatives: 11867
   false_negatives: 2023
   precision: 3.4190000000000004e-01
   recall: 6.1190000000000000e-01
   fallout: 3.4090000000000004e-01
   sensitivity: 6.1190000000000000e-01
   specificity: 6.5910000000000002e-01
   rand_index: 6.4850000000000008e-01
   youden_index: 2.7100000000000002e-01
masked_points: 2
