%YAML:1.0
---
# The following values contain the results of the statistical analysis for the keypoint distribution and detector results.
characteristics:
   response:
      count: 23203
      min: 5.0000219726562500e+02
      max: 9.3725126953125000e+03
      median: 7.3947406005859375e+02
      mean: 9.3143859863281250e+02
      variance: 4.5115809375000000e+05
      stddev: 6.7168310546875000e+02
      skewness: 4.6810998916625977e+00
      decentils:
         - 5.3822467041015625e+02
         - 5.8208178710937500e+02
         - 6.3742303466796875e+02
         - 6.9062274169921875e+02
         - 7.3945281982421875e+02
         - 7.9502587890625000e+02
         - 8.8257153320312500e+02
         - 1.0650875244140625e+03
         - 1.4481164550781250e+03
   size:
      count: 23203
      min: 10.
      max: 21.
      median: 15.
      mean: 1.4736799240112305e+01
      variance: 1.4506999254226685e+00
      stddev: 1.2044999599456787e+00
      skewness: 2.0089998841285706e-01
      decentils:
         - 13.
         - 14.
         - 14.
         - 15.
         - 15.
         - 15.
         - 15.
         - 16.
         - 16.
distance:
   count: 22781
   min: 6.4089995622634888e-01
   max: 9.6771728515625000e+02
   median: 1.3833999633789062e+01
   mean: 3.7691398620605469e+01
   variance: 4.7450356445312500e+03
   stddev: 6.8884201049804688e+01
   skewness: 4.7493996620178223e+00
   decentils:
      - 4.2308459281921387e+00
      - 7.3530530929565430e+00
      - 8.9764804840087891e+00
      - 1.0828499794006348e+01
      - 1.3833980560302734e+01
      - 1.9621591567993164e+01
      - 2.8552976608276367e+01
      - 4.5291362762451172e+01
      - 8.7249534606933594e+01
