%YAML:1.0
---
# The following values contain the results of the statistical analysis for the keypoint distribution and detector results.
characteristics:
   response:
      count: 2898
      min: 24.
      max: 254.
      median: 254.
      mean: 2.0575878906250000e+02
      variance: 4.1246699218750000e+03
      stddev: 6.4223594665527344e+01
      skewness: -6.6600000858306885e-01
      decentils:
         - 112.
         - 124.
         - 136.
         - 254.
         - 254.
         - 254.
         - 254.
         - 254.
         - 254.
   size:
      count: 2898
      min: 31.
      max: 4.4639999389648438e+01
      median: 31.
      mean: 3.3403400421142578e+01
      variance: 9.3963994979858398e+00
      stddev: 3.0653998851776123e+00
      skewness: 7.9739999771118164e-01
      decentils:
         - 31.
         - 31.
         - 31.
         - 31.
         - 31.
         - 31.
         - 3.7200000762939453e+01
         - 3.7200000762939453e+01
         - 3.7200000762939453e+01
distance:
   count: 2886
   min: 1.9999998807907104e-01
   max: 2.5089313964843750e+03
   median: 1.0866399765014648e+01
   mean: 3.6253299713134766e+01
   variance: 1.0634437500000000e+04
   stddev: 1.0312339782714844e+02
   skewness: 1.1333399772644043e+01
   decentils:
      - 3.
      - 4.7999877929687500e+00
      - 6.1188225746154785e+00
      - 8.0622577667236328e+00
      - 1.0816654205322266e+01
      - 1.4499638557434082e+01
      - 2.1189620971679688e+01
      - 3.5537063598632812e+01
      - 7.8230400085449219e+01
