%YAML:1.0
---
# The following values contain the results of the statistical analysis for the keypoint distribution and detector results.
characteristics:
   response:
      count: 2398
      min: -8.9999998454004526e-04
      max: 5.9899996966123581e-02
      median: 1.2299999594688416e-02
      mean: 1.2600000016391277e-02
      variance: 9.9999997473787516e-05
      stddev: 9.4999996945261955e-03
      skewness: 9.3349999189376831e-01
      decentils:
         - 2.1985843777656555e-03
         - 3.2662616576999426e-03
         - 4.7985105775296688e-03
         - 7.5779063627123833e-03
         - 1.2231255881488323e-02
         - 1.4203056693077087e-02
         - 1.6763465479016304e-02
         - 1.9652947783470154e-02
         - 2.4684738367795944e-02
   size:
      count: 2398
      min: 31.
      max: 4.4639999389648438e+01
      median: 31.
      mean: 3.3864997863769531e+01
      variance: 9.9476995468139648e+00
      stddev: 3.1539998054504395e+00
      skewness: 3.8369998335838318e-01
      decentils:
         - 31.
         - 31.
         - 31.
         - 31.
         - 31.
         - 3.7200000762939453e+01
         - 3.7200000762939453e+01
         - 3.7200000762939453e+01
         - 3.7200000762939453e+01
distance:
   count: 2386
   min: 1.9999998807907104e-01
   max: 2.0364721679687500e+03
   median: 1.1627499580383301e+01
   mean: 4.1352100372314453e+01
   variance: 1.2999013671875000e+04
   stddev: 1.1401319885253906e+02
   skewness: 9.0847997665405273e+00
   decentils:
      - 2.4330627918243408e+00
      - 4.4721360206604004e+00
      - 6.0728754997253418e+00
      - 8.1042947769165039e+00
      - 1.1454236984252930e+01
      - 1.6643316268920898e+01
      - 2.4365503311157227e+01
      - 4.1046245574951172e+01
      - 9.2681358337402344e+01
