%YAML:1.0
---
classification:
   relevant_elements: 6441
   irrelevant_elements: 155484
   total_elements: 161925
   selected_elements: 60016
   true_positives: 1335
   false_positives: 58681
   true_negatives: 96803
   false_negatives: 5106
   precision: 2.2200000000000001e-02
   recall: 2.0730000000000001e-01
   fallout: 3.7740000000000001e-01
   sensitivity: 2.0730000000000001e-01
   specificity: 6.2260000000000004e-01
   rand_index: 6.0610000000000008e-01
   youden_index: -1.7010000000000000e-01
masked_points: 25468
