%YAML:1.0
---
# The following values contain the results of the statistical analysis for the keypoint distribution and detector results.
characteristics:
   response:
      count: 162144
      min: 28.
      max: 254.
      median: 231.
      mean: 2.2862329101562500e+02
      variance: 2.7708218383789062e+02
      stddev: 1.6645799636840820e+01
      skewness: 1.0849999189376831e+00
      decentils:
         - 205.
         - 216.
         - 222.
         - 227.
         - 231.
         - 235.
         - 239.
         - 244.
         - 248.
   size:
      count: 162144
      min: 31.
      max: 3.7200000762939453e+01
      median: 31.
      mean: 3.1000499725341797e+01
      variance: -8.8849997520446777e-01
      stddev: .Nan
      skewness: .Nan
      decentils:
         - 31.
         - 31.
         - 31.
         - 31.
         - 31.
         - 31.
         - 31.
         - 31.
         - 31.
distance:
   count: 160676
   min: 2.
   max: 8.7662365722656250e+02
   median: 1.2369299888610840e+01
   mean: 2.5190898895263672e+01
   variance: 2.0836787109375000e+03
   stddev: 4.5647300720214844e+01
   skewness: 6.3390998840332031e+00
   decentils:
      - 4.4721360206604004e+00
      - 6.0827627182006836e+00
      - 7.8102498054504395e+00
      - 10.
      - 1.2369317054748535e+01
      - 1.5811388015747070e+01
      - 2.0615528106689453e+01
      - 2.9274562835693359e+01
      - 5.0921508789062500e+01
