%YAML:1.0
---
# The following values contain the results of the statistical analysis for the keypoint distribution and detector results.
characteristics:
   response:
      count: 159291
      min: 0.
      max: 5.9999998658895493e-02
      median: 1.1099999770522118e-02
      mean: 1.2099999934434891e-02
      variance: 0.
      stddev: 4.6999999321997166e-03
      skewness: 1.4268000125885010e+00
      decentils:
         - 7.4042691849172115e-03
         - 8.3799334242939949e-03
         - 9.2474240809679031e-03
         - 1.0111865587532520e-02
         - 1.1065863072872162e-02
         - 1.2169519439339638e-02
         - 1.3521108776330948e-02
         - 1.5342015773057938e-02
         - 1.8298527225852013e-02
   size:
      count: 159291
      min: 31.
      max: 3.7200000762939453e+01
      median: 31.
      mean: 3.1000499725341797e+01
      variance: -8.8679999113082886e-01
      stddev: .Nan
      skewness: .Nan
      decentils:
         - 31.
         - 31.
         - 31.
         - 31.
         - 31.
         - 31.
         - 31.
         - 31.
         - 31.
distance:
   count: 157823
   min: 2.
   max: 8.5376458740234375e+02
   median: 12.
   mean: 2.4826299667358398e+01
   variance: 2.2065422363281250e+03
   stddev: 4.6973800659179688e+01
   skewness: 6.4130997657775879e+00
   decentils:
      - 3.6055512428283691e+00
      - 5.3851647377014160e+00
      - 7.
      - 9.0553855895996094e+00
      - 12.
      - 1.5297058105468750e+01
      - 2.0396078109741211e+01
      - 2.9068883895874023e+01
      - 5.0328918457031250e+01
