%YAML:1.0
---
# The following values contain the results of the statistical analysis for the keypoint distribution and detector results.
characteristics:
   response:
      count: 12370
      min: 7.1000000461935997e-03
      max: 6.0799997299909592e-02
      median: 1.3399999588727951e-02
      mean: 1.4699999243021011e-02
      variance: 0.
      stddev: 5.2000000141561031e-03
      skewness: 1.6138999462127686e+00
      decentils:
         - 9.6178790554404259e-03
         - 1.0506133548915386e-02
         - 1.1396859772503376e-02
         - 1.2328688986599445e-02
         - 1.3398680835962296e-02
         - 1.4639326371252537e-02
         - 1.6215421259403229e-02
         - 1.8239427357912064e-02
         - 2.1720677614212036e-02
   size:
      count: 12370
      min: 31.
      max: 3.7200000762939453e+01
      median: 31.
      mean: 3.1000499725341797e+01
      variance: 3.1999999191612005e-03
      stddev: 5.6499999016523361e-02
      skewness: 5.3620292968750000e+03
      decentils:
         - 31.
         - 31.
         - 31.
         - 31.
         - 31.
         - 31.
         - 31.
         - 31.
         - 31.
distance:
   count: 12256
   min: 2.
   max: 6.8480798339843750e+02
   median: 1.6643299102783203e+01
   mean: 3.0723098754882812e+01
   variance: 2.1128205566406250e+03
   stddev: 4.5965400695800781e+01
   skewness: 5.0433998107910156e+00
   decentils:
      - 4.
      - 6.0827627182006836e+00
      - 9.0553855895996094e+00
      - 1.2369317054748535e+01
      - 1.6643316268920898e+01
      - 2.2022714614868164e+01
      - 3.0016662597656250e+01
      - 4.2107006072998047e+01
      - 6.8593002319335938e+01
