%YAML:1.0
---
# The following values contain the results of the statistical analysis for the keypoint distribution and detector results.
characteristics:
   response:
      count: 12829
      min: 134.
      max: 254.
      median: 242.
      mean: 2.4221919250488281e+02
      variance: 4.3757297515869141e+01
      stddev: 6.6148996353149414e+00
      skewness: 4.2326998710632324e+00
      decentils:
         - 235.
         - 237.
         - 239.
         - 240.
         - 242.
         - 244.
         - 246.
         - 248.
         - 252.
   size:
      count: 12829
      min: 31.
      max: 3.7200000762939453e+01
      median: 31.
      mean: 3.1000499725341797e+01
      variance: 3.0000000260770321e-03
      stddev: 5.5099997669458389e-02
      skewness: 5.8018632812500000e+03
      decentils:
         - 31.
         - 31.
         - 31.
         - 31.
         - 31.
         - 31.
         - 31.
         - 31.
         - 31.
distance:
   count: 12715
   min: 2.
   max: 7.8710870361328125e+02
   median: 1.7464199066162109e+01
   mean: 3.1353498458862305e+01
   variance: 2.1612441406250000e+03
   stddev: 4.6489200592041016e+01
   skewness: 5.5557999610900879e+00
   decentils:
      - 5.0990195274353027e+00
      - 7.6157732009887695e+00
      - 1.0440306663513184e+01
      - 1.3453623771667480e+01
      - 1.7464248657226562e+01
      - 2.2472204208374023e+01
      - 2.9681644439697266e+01
      - 4.1725292205810547e+01
      - 6.8066146850585938e+01
