%YAML:1.0
---
# The following values contain the results of the statistical analysis for the keypoint distribution and detector results.
characteristics:
   response:
      count: 46459
      min: 20.
      max: 231.
      median: 120.
      mean: 1.2015189361572266e+02
      variance: 3.9160879516601562e+02
      stddev: 1.9789098739624023e+01
      skewness: 1.8406999111175537e+00
      decentils:
         - 99.
         - 107.
         - 112.
         - 117.
         - 120.
         - 124.
         - 126.
         - 126.
         - 132.
   size:
      count: 46459
      min: 31.
      max: 3.7200000762939453e+01
      median: 31.
      mean: 3.1003198623657227e+01
      variance: -6.0539996623992920e-01
      stddev: .Nan
      skewness: .Nan
      decentils:
         - 31.
         - 31.
         - 31.
         - 31.
         - 31.
         - 31.
         - 31.
         - 31.
         - 31.
distance:
   count: 46037
   min: 2.
   max: 9.9924420166015625e+02
   median: 6.0827999114990234e+00
   mean: 1.9823099136352539e+01
   variance: 2.2161877441406250e+03
   stddev: 4.7076396942138672e+01
   skewness: 6.3262996673583984e+00
   decentils:
      - 2.2360680103302002e+00
      - 3.
      - 4.
      - 5.
      - 6.0827627182006836e+00
      - 8.4852809906005859e+00
      - 1.2041594505310059e+01
      - 1.9104972839355469e+01
      - 4.1773197174072266e+01
