%YAML:1.0
---
classification:
   relevant_elements: 16593
   irrelevant_elements: 29643
   total_elements: 46236
   selected_elements: 21762
   true_positives: 10203
   false_positives: 11559
   true_negatives: 18084
   false_negatives: 6390
   precision: 4.6880000000000005e-01
   recall: 6.1490000000000000e-01
   fallout: 3.8990000000000002e-01
   sensitivity: 6.1490000000000000e-01
   specificity: 6.1009999999999998e-01
   rand_index: 6.1180000000000001e-01
   youden_index: 2.2500000000000001e-01
masked_points: 6
