%YAML:1.0
---
# The following values contain the results of the statistical analysis for the keypoint distribution and detector results.
characteristics:
   response:
      count: 45811
      min: -1.9999999494757503e-04
      max: 6.0000000521540642e-03
      median: 1.9999999494757503e-04
      mean: 2.9999998514540493e-04
      variance: 0.
      stddev: 2.9999998514540493e-04
      skewness: 3.9180998802185059e+00
      decentils:
         - 9.2190988652873784e-05
         - 1.1183169408468530e-04
         - 1.3240080443210900e-04
         - 1.5589474060107023e-04
         - 1.8466240726411343e-04
         - 2.2194888151716441e-04
         - 2.7720292564481497e-04
         - 3.7157582119107246e-04
         - 5.9739232528954744e-04
   size:
      count: 45811
      min: 31.
      max: 3.7200000762939453e+01
      median: 31.
      mean: 3.1003299713134766e+01
      variance: -5.9979999065399170e-01
      stddev: .Nan
      skewness: .Nan
      decentils:
         - 31.
         - 31.
         - 31.
         - 31.
         - 31.
         - 31.
         - 31.
         - 31.
         - 31.
distance:
   count: 45389
   min: 2.
   max: 9.2456256103515625e+02
   median: 5.
   mean: 2.0327299118041992e+01
   variance: 2.5412810058593750e+03
   stddev: 5.0411098480224609e+01
   skewness: 6.2246999740600586e+00
   decentils:
      - 2.2360680103302002e+00
      - 2.2360680103302002e+00
      - 3.1622776985168457e+00
      - 4.
      - 5.
      - 7.2111024856567383e+00
      - 1.1401754379272461e+01
      - 1.9235383987426758e+01
      - 4.4687805175781250e+01
