%YAML:1.0
---
# The following values contain the results of the statistical analysis for the keypoint distribution and detector results.
characteristics:
   response:
      count: 18000
      min: 7.6999999582767487e-03
      max: 7.9199999570846558e-02
      median: 1.2999999336898327e-02
      mean: 1.4800000004470348e-02
      variance: 0.
      stddev: 6.3999998383224010e-03
      skewness: 2.2709000110626221e+00
      decentils:
         - 9.2517975717782974e-03
         - 1.0094149969518185e-02
         - 1.0994352400302887e-02
         - 1.1879905126988888e-02
         - 1.2973311357200146e-02
         - 1.4289177022874355e-02
         - 1.6114531084895134e-02
         - 1.8555464223027229e-02
         - 2.2795658558607101e-02
   size:
      count: 18000
      min: 4.7999997138977051e+00
      max: 3.2290397644042969e+01
      median: 5.7081999778747559e+00
      mean: 6.5555996894836426e+00
      variance: 6.3469996452331543e+00
      stddev: 2.5192999839782715e+00
      skewness: 2.8557000160217285e+00
      decentils:
         - 4.8000001907348633e+00
         - 4.8000001907348633e+00
         - 4.8000001907348633e+00
         - 5.7081937789916992e+00
         - 5.7081937789916992e+00
         - 5.7081937789916992e+00
         - 5.7081937789916992e+00
         - 8.0726060867309570e+00
         - 8.0726060867309570e+00
distance:
   count: 17988
   min: 4.1000000201165676e-03
   max: 2.6055087890625000e+03
   median: 9.7593994140625000e+00
   mean: 1.9203399658203125e+01
   variance: 2.1085732421875000e+03
   stddev: 4.5919197082519531e+01
   skewness: 2.0327400207519531e+01
   decentils:
      - 1.6446493864059448e+00
      - 3.6858501434326172e+00
      - 6.4259796142578125e+00
      - 8.0872154235839844e+00
      - 9.7572517395019531e+00
      - 1.2028182029724121e+01
      - 1.5466718673706055e+01
      - 2.2182899475097656e+01
      - 3.8833736419677734e+01
