%YAML:1.0
---
# The following values contain the results of the statistical analysis for the keypoint distribution and detector results.
characteristics:
   response:
      count: 18000
      min: 7.6999999582767487e-03
      max: 7.9300001263618469e-02
      median: 1.2999999336898327e-02
      mean: 1.4800000004470348e-02
      variance: 0.
      stddev: 6.3999998383224010e-03
      skewness: 2.2707998752593994e+00
      decentils:
         - 9.2517975717782974e-03
         - 1.0091806761920452e-02
         - 1.0993670672178268e-02
         - 1.1879905126988888e-02
         - 1.2973311357200146e-02
         - 1.4289177022874355e-02
         - 1.6113499179482460e-02
         - 1.8554171547293663e-02
         - 2.2795658558607101e-02
   size:
      count: 18000
      min: 4.7999997138977051e+00
      max: 3.2290397644042969e+01
      median: 5.7081999778747559e+00
      mean: 6.5553998947143555e+00
      variance: 6.3470997810363770e+00
      stddev: 2.5192999839782715e+00
      skewness: 2.8557999134063721e+00
      decentils:
         - 4.8000001907348633e+00
         - 4.8000001907348633e+00
         - 4.8000001907348633e+00
         - 5.7081937789916992e+00
         - 5.7081937789916992e+00
         - 5.7081937789916992e+00
         - 5.7081937789916992e+00
         - 8.0726060867309570e+00
         - 8.0726060867309570e+00
distance:
   count: 17988
   min: 3.7000000011175871e-03
   max: 3.1481037597656250e+03
   median: 9.7283000946044922e+00
   mean: 1.9578998565673828e+01
   variance: 2.6493381347656250e+03
   stddev: 5.1471698760986328e+01
   skewness: 2.3716199874877930e+01
   decentils:
      - 1.6487219333648682e+00
      - 3.7382426261901855e+00
      - 6.4175400733947754e+00
      - 8.0382509231567383e+00
      - 9.7276153564453125e+00
      - 1.2064373970031738e+01
      - 1.5440382003784180e+01
      - 2.2313539505004883e+01
      - 3.9263587951660156e+01
