%YAML:1.0
---
# The following values contain the results of the statistical analysis for the keypoint distribution and detector results.
characteristics:
   response:
      count: 2168195
      min: 9.9999993108212948e-04
      max: 1.1559999734163284e-01
      median: 3.9999997243285179e-03
      mean: 5.6999996304512024e-03
      variance: 0.
      stddev: 5.2000000141561031e-03
      skewness: 3.2867999076843262e+00
      decentils:
         - 1.8119798041880131e-03
         - 2.2953040897846222e-03
         - 2.7858978137373924e-03
         - 3.3307704143226147e-03
         - 3.9914180524647236e-03
         - 4.8542786389589310e-03
         - 6.0506914742290974e-03
         - 7.8918486833572388e-03
         - 1.1393428780138493e-02
   size:
      count: 2168195
      min: 4.7999997138977051e+00
      max: 3.8399997711181641e+01
      median: 4.7999997138977051e+00
      mean: 5.6582999229431152e+00
      variance: 3.6139998435974121e+00
      stddev: 1.9010999202728271e+00
      skewness: 4.2163000106811523e+00
      decentils:
         - 4.8000001907348633e+00
         - 4.8000001907348633e+00
         - 4.8000001907348633e+00
         - 4.8000001907348633e+00
         - 4.8000001907348633e+00
         - 4.8000001907348633e+00
         - 5.7081937789916992e+00
         - 5.7081937789916992e+00
         - 8.0726060867309570e+00
distance:
   count: 2166727
   min: 4.6000001020729542e-03
   max: 8.3073345947265625e+02
   median: 7.1078996658325195e+00
   mean: 1.0098099708557129e+01
   variance: 2.3846688842773438e+02
   stddev: 1.5442399978637695e+01
   skewness: 1.4259200096130371e+01
   decentils:
      - 2.8013892173767090e+00
      - 4.8375272750854492e+00
      - 5.5626683235168457e+00
      - 6.2518310546875000e+00
      - 7.1078462600708008e+00
      - 8.1573886871337891e+00
      - 9.5633487701416016e+00
      - 1.1891233444213867e+01
      - 1.7308229446411133e+01
