%YAML:1.0
---
# The following values contain the results of the statistical analysis for the keypoint distribution and detector results.
characteristics:
   response:
      count: 2168190
      min: 9.9999993108212948e-04
      max: 1.1559999734163284e-01
      median: 3.9999997243285179e-03
      mean: 5.6999996304512024e-03
      variance: 0.
      stddev: 5.2000000141561031e-03
      skewness: 3.2867000102996826e+00
      decentils:
         - 1.8120403401553631e-03
         - 2.2953178267925978e-03
         - 2.7858812827616930e-03
         - 3.3307322300970554e-03
         - 3.9914413355290890e-03
         - 4.8543317243456841e-03
         - 6.0507031157612801e-03
         - 7.8919706866145134e-03
         - 1.1393587104976177e-02
   size:
      count: 2168190
      min: 4.7999997138977051e+00
      max: 3.8399997711181641e+01
      median: 4.7999997138977051e+00
      mean: 5.6582999229431152e+00
      variance: 3.6141998767852783e+00
      stddev: 1.9010999202728271e+00
      skewness: 4.2161998748779297e+00
      decentils:
         - 4.8000001907348633e+00
         - 4.8000001907348633e+00
         - 4.8000001907348633e+00
         - 4.8000001907348633e+00
         - 4.8000001907348633e+00
         - 4.8000001907348633e+00
         - 5.7081937789916992e+00
         - 5.7081937789916992e+00
         - 8.0726060867309570e+00
distance:
   count: 2166722
   min: 4.9999998882412910e-03
   max: 7.5261175537109375e+02
   median: 7.1085996627807617e+00
   mean: 1.0099499702453613e+01
   variance: 2.3857659912109375e+02
   stddev: 1.5445899963378906e+01
   skewness: 1.4207699775695801e+01
   decentils:
      - 2.8018105030059814e+00
      - 4.8368964195251465e+00
      - 5.5618109703063965e+00
      - 6.2513165473937988e+00
      - 7.1086392402648926e+00
      - 8.1573438644409180e+00
      - 9.5612373352050781e+00
      - 1.1888877868652344e+01
      - 1.7307834625244141e+01
