%YAML:1.0
---
# The following values contain the results of the statistical analysis for the keypoint distribution and detector results.
characteristics:
   response:
      count: 171000
      min: 1.0999999940395355e-03
      max: 1.1279999464750290e-01
      median: 6.6999997943639755e-03
      mean: 1.0300000198185444e-02
      variance: 9.9999997473787516e-05
      stddev: 9.8999999463558197e-03
      skewness: 2.2748999595642090e+00
      decentils:
         - 2.4340664967894554e-03
         - 3.1843234319239855e-03
         - 4.1252775117754936e-03
         - 5.2834576927125454e-03
         - 6.7443558946251869e-03
         - 8.7144179269671440e-03
         - 1.1463361792266369e-02
         - 1.5573185868561268e-02
         - 2.3068565875291824e-02
   size:
      count: 171000
      min: 4.7999997138977051e+00
      max: 3.8399997711181641e+01
      median: 4.7999997138977051e+00
      mean: 6.1159000396728516e+00
      variance: 6.1247997283935547e+00
      stddev: 2.4747998714447021e+00
      skewness: 3.3052999973297119e+00
      decentils:
         - 4.8000001907348633e+00
         - 4.8000001907348633e+00
         - 4.8000001907348633e+00
         - 4.8000001907348633e+00
         - 4.8000001907348633e+00
         - 5.7081937789916992e+00
         - 5.7081937789916992e+00
         - 8.0726060867309570e+00
         - 8.0726060867309570e+00
distance:
   count: 170886
   min: 2.0800000056624413e-02
   max: 6.7150366210937500e+02
   median: 7.3701996803283691e+00
   mean: 1.0113499641418457e+01
   variance: 2.3836180114746094e+02
   stddev: 1.5438999176025391e+01
   skewness: 1.3386099815368652e+01
   decentils:
      - 2.1043126583099365e+00
      - 3.8418698310852051e+00
      - 5.2673087120056152e+00
      - 6.2508077621459961e+00
      - 7.3699727058410645e+00
      - 8.6032428741455078e+00
      - 1.0118754386901855e+01
      - 1.2472851753234863e+01
      - 1.7621742248535156e+01
