%YAML:1.0
---
classification:
   relevant_elements: 43037
   irrelevant_elements: 124963
   total_elements: 168000
   selected_elements: 72893
   true_positives: 24025
   false_positives: 48868
   true_negatives: 76095
   false_negatives: 19012
   precision: 3.2960000000000000e-01
   recall: 5.5820000000000003e-01
   fallout: 3.9110000000000000e-01
   sensitivity: 5.5820000000000003e-01
   specificity: 6.0890000000000000e-01
   rand_index: 5.9599999999999997e-01
   youden_index: 1.6720000000000002e-01
masked_points: 11334
