%YAML:1.0
---
# The following values contain the results of the statistical analysis for the keypoint distribution and detector results.
characteristics:
   response:
      count: 171000
      min: 1.0999999940395355e-03
      max: 1.1279999464750290e-01
      median: 6.6999997943639755e-03
      mean: 1.0300000198185444e-02
      variance: 9.9999997473787516e-05
      stddev: 9.8999999463558197e-03
      skewness: 2.2748999595642090e+00
      decentils:
         - 2.4340855889022350e-03
         - 3.1844736076891422e-03
         - 4.1253631934523582e-03
         - 5.2835275419056416e-03
         - 6.7443060688674450e-03
         - 8.7144179269671440e-03
         - 1.1463431641459465e-02
         - 1.5573185868561268e-02
         - 2.3068565875291824e-02
   size:
      count: 171000
      min: 4.7999997138977051e+00
      max: 3.8399997711181641e+01
      median: 4.7999997138977051e+00
      mean: 6.1159000396728516e+00
      variance: 6.1247997283935547e+00
      stddev: 2.4747998714447021e+00
      skewness: 3.3052999973297119e+00
      decentils:
         - 4.8000001907348633e+00
         - 4.8000001907348633e+00
         - 4.8000001907348633e+00
         - 4.8000001907348633e+00
         - 4.8000001907348633e+00
         - 5.7081937789916992e+00
         - 5.7081937789916992e+00
         - 8.0726060867309570e+00
         - 8.0726060867309570e+00
distance:
   count: 170886
   min: 2.0800000056624413e-02
   max: 7.3794189453125000e+02
   median: 7.3666996955871582e+00
   mean: 1.0109999656677246e+01
   variance: 2.3836439514160156e+02
   stddev: 1.5439099311828613e+01
   skewness: 1.3572999954223633e+01
   decentils:
      - 2.1043126583099365e+00
      - 3.8408226966857910e+00
      - 5.2663412094116211e+00
      - 6.2492799758911133e+00
      - 7.3665041923522949e+00
      - 8.5971202850341797e+00
      - 1.0111457824707031e+01
      - 1.2465353965759277e+01
      - 1.7609476089477539e+01
