%YAML:1.0
---
classification:
   relevant_elements: 96371
   irrelevant_elements: 120321
   total_elements: 216692
   selected_elements: 135635
   true_positives: 76603
   false_positives: 59032
   true_negatives: 61289
   false_negatives: 19768
   precision: 5.6480000000000008e-01
   recall: 7.9490000000000005e-01
   fallout: 4.9060000000000004e-01
   sensitivity: 7.9490000000000005e-01
   specificity: 5.0940000000000007e-01
   rand_index: 6.3640000000000008e-01
   youden_index: 3.0430000000000001e-01
masked_points: 6
