%YAML:1.0
---
# The following values contain the results of the statistical analysis for the keypoint distribution and detector results.
characteristics:
   response:
      count: 217505
      min: 9.9999993108212948e-04
      max: 4.6499997377395630e-02
      median: 3.0000000260770321e-03
      mean: 4.9999998882412910e-03
      variance: 0.
      stddev: 5.3999996744096279e-03
      skewness: 2.5665998458862305e+00
      decentils:
         - 1.1972546344622970e-03
         - 1.4554621884599328e-03
         - 1.8078614957630634e-03
         - 2.2763696033507586e-03
         - 2.9596278909593821e-03
         - 3.9198929443955421e-03
         - 5.3109466098248959e-03
         - 7.3444717563688755e-03
         - 1.1473539285361767e-02
   size:
      count: 217505
      min: 4.7999997138977051e+00
      max: 6.4580902099609375e+01
      median: 8.0725994110107422e+00
      mean: 1.0511300086975098e+01
      variance: 5.7337596893310547e+01
      stddev: 7.5721998214721680e+00
      skewness: 2.1088998317718506e+00
      decentils:
         - 4.8000001907348633e+00
         - 4.8000001907348633e+00
         - 5.7081937789916992e+00
         - 5.7081937789916992e+00
         - 8.0726060867309570e+00
         - 8.0726060867309570e+00
         - 1.1416387557983398e+01
         - 1.6145212173461914e+01
         - 2.2832775115966797e+01
distance:
   count: 217083
   min: 1.9999999494757503e-04
   max: 4.6761029052734375e+02
   median: 5.4713997840881348e+00
   mean: 1.0238100051879883e+01
   variance: 3.7567849731445312e+02
   stddev: 1.9382398605346680e+01
   skewness: 7.6311998367309570e+00
   decentils:
      - 8.8362622261047363e-01
      - 1.8050022125244141e+00
      - 2.9876353740692139e+00
      - 4.3883900642395020e+00
      - 5.4713835716247559e+00
      - 6.8985095024108887e+00
      - 8.9599170684814453e+00
      - 1.2754232406616211e+01
      - 2.0980020523071289e+01
