%YAML:1.0
---
# The following values contain the results of the statistical analysis for the keypoint distribution and detector results.
characteristics:
   response:
      count: 217501
      min: 9.9999993108212948e-04
      max: 4.6499997377395630e-02
      median: 3.0000000260770321e-03
      mean: 4.9999998882412910e-03
      variance: 0.
      stddev: 5.3999996744096279e-03
      skewness: 2.5665998458862305e+00
      decentils:
         - 1.1971860658377409e-03
         - 1.4553652144968510e-03
         - 1.8078830325976014e-03
         - 2.2765935864299536e-03
         - 2.9599461704492569e-03
         - 3.9202123880386353e-03
         - 5.3114881739020348e-03
         - 7.3449565097689629e-03
         - 1.1475135572254658e-02
   size:
      count: 217501
      min: 4.7999997138977051e+00
      max: 6.4580902099609375e+01
      median: 8.0725994110107422e+00
      mean: 1.0511799812316895e+01
      variance: 5.7343097686767578e+01
      stddev: 7.5724997520446777e+00
      skewness: 2.1085999011993408e+00
      decentils:
         - 4.8000001907348633e+00
         - 4.8000001907348633e+00
         - 5.7081937789916992e+00
         - 5.7081937789916992e+00
         - 8.0726060867309570e+00
         - 8.0726060867309570e+00
         - 1.1416387557983398e+01
         - 1.6145212173461914e+01
         - 2.2832775115966797e+01
distance:
   count: 217079
   min: 1.9999999494757503e-04
   max: 4.6760958862304688e+02
   median: 5.4714999198913574e+00
   mean: 1.0238200187683105e+01
   variance: 3.7567907714843750e+02
   stddev: 1.9382398605346680e+01
   skewness: 7.6312999725341797e+00
   decentils:
      - 8.8310867547988892e-01
      - 1.8052440881729126e+00
      - 2.9878158569335938e+00
      - 4.3887515068054199e+00
      - 5.4714102745056152e+00
      - 6.8973035812377930e+00
      - 8.9614334106445312e+00
      - 1.2754906654357910e+01
      - 2.0976850509643555e+01
