%YAML:1.0
---
# The following values contain the results of the statistical analysis for the keypoint distribution and detector results.
characteristics:
   response:
      count: 1794
      min: -3.1999999191612005e-03
      max: 3.1199999153614044e-02
      median: 9.9999997764825821e-03
      mean: 1.0300000198185444e-02
      variance: 0.
      stddev: 4.9999998882412910e-03
      skewness: 1.5569999814033508e-01
      decentils:
         - 3.2840773928910494e-03
         - 7.8829731792211533e-03
         - 8.6447419598698616e-03
         - 9.3241529539227486e-03
         - 9.9914493039250374e-03
         - 1.0985093191266060e-02
         - 1.2242070399224758e-02
         - 1.4013856649398804e-02
         - 1.6294518485665321e-02
   size:
      count: 1794
      min: 31.
      max: 1.1107859802246094e+02
      median: 31.
      mean: 3.4574298858642578e+01
      variance: 8.1994895935058594e+01
      stddev: 9.0550994873046875e+00
      skewness: 4.6315999031066895e+00
      decentils:
         - 31.
         - 31.
         - 31.
         - 31.
         - 31.
         - 31.
         - 31.
         - 3.7200000762939453e+01
         - 4.4640003204345703e+01
distance:
   count: 1782
   min: 1.9999998807907104e-01
   max: 2.0883740234375000e+03
   median: 7.2992997169494629e+00
   mean: 3.3078498840332031e+01
   variance: 1.2845288085937500e+04
   stddev: 1.1333709716796875e+02
   skewness: 1.1215299606323242e+01
   decentils:
      - 2.
      - 2.8284270763397217e+00
      - 3.6055512428283691e+00
      - 5.3851647377014160e+00
      - 7.2992691993713379e+00
      - 1.0440306663513184e+01
      - 1.5783510208129883e+01
      - 2.9640077590942383e+01
      - 7.1861541748046875e+01
