%YAML:1.0
---
# The following values contain the results of the statistical analysis for the keypoint distribution and detector results.
characteristics:
   response:
      count: 1806
      min: 20.
      max: 254.
      median: 239.
      mean: 2.0293579101562500e+02
      variance: 5.4846762695312500e+03
      stddev: 7.4058601379394531e+01
      skewness: -1.4897999763488770e+00
      decentils:
         - 54.
         - 139.
         - 232.
         - 237.
         - 239.
         - 243.
         - 246.
         - 249.
         - 251.
   size:
      count: 1806
      min: 31.
      max: 1.1107859802246094e+02
      median: 31.
      mean: 3.4550498962402344e+01
      variance: 8.1534400939941406e+01
      stddev: 9.0296001434326172e+00
      skewness: 4.6472997665405273e+00
      decentils:
         - 31.
         - 31.
         - 31.
         - 31.
         - 31.
         - 31.
         - 31.
         - 3.7200000762939453e+01
         - 4.4640003204345703e+01
distance:
   count: 1794
   min: 1.9999998807907104e-01
   max: 2.0883740234375000e+03
   median: 6.
   mean: 2.7856100082397461e+01
   variance: 1.2617353515625000e+04
   stddev: 1.1232699584960938e+02
   skewness: 1.1633599281311035e+01
   decentils:
      - 2.2360680103302002e+00
      - 2.8284270763397217e+00
      - 3.
      - 4.2754611968994141e+00
      - 6.
      - 8.0498714447021484e+00
      - 1.1180339813232422e+01
      - 1.9209373474121094e+01
      - 4.4000026702880859e+01
