%YAML:1.0
---
classification:
   relevant_elements: 9157
   irrelevant_elements: 161003
   total_elements: 170160
   selected_elements: 54305
   true_positives: 2730
   false_positives: 51575
   true_negatives: 109428
   false_negatives: 6427
   precision: 5.0300000000000004e-02
   recall: 2.9810000000000003e-01
   fallout: 3.2030000000000003e-01
   sensitivity: 2.9810000000000003e-01
   specificity: 6.7970000000000008e-01
   rand_index: 6.5910000000000002e-01
   youden_index: -2.2200000000000001e-02
masked_points: 18200
