%YAML:1.0
---
# The following values contain the results of the statistical analysis for the keypoint distribution and detector results.
characteristics:
   response:
      count: 165916
      min: -6.5999999642372131e-03
      max: 8.1099994480609894e-02
      median: 8.2000000402331352e-03
      mean: 9.0999994426965714e-03
      variance: 0.
      stddev: 4.3999999761581421e-03
      skewness: 1.2752000093460083e+00
      decentils:
         - 5.1966710016131401e-03
         - 5.9639895334839821e-03
         - 6.6537787206470966e-03
         - 7.3677846230566502e-03
         - 8.1808706745505333e-03
         - 9.1320499777793884e-03
         - 1.0310534387826920e-02
         - 1.1918266303837299e-02
         - 1.4575216919183731e-02
   size:
      count: 165916
      min: 31.
      max: 1.1107859802246094e+02
      median: 31.
      mean: 3.1249099731445312e+01
      variance: 1.0658999681472778e+00
      stddev: 1.0324000120162964e+00
      skewness: 5.9208499908447266e+01
      decentils:
         - 31.
         - 31.
         - 31.
         - 31.
         - 31.
         - 31.
         - 31.
         - 31.
         - 31.
distance:
   count: 164448
   min: 0.
   max: 7.0024639892578125e+02
   median: 13.
   mean: 2.5439498901367188e+01
   variance: 1.6082071533203125e+03
   stddev: 4.0102497100830078e+01
   skewness: 4.7448997497558594e+00
   decentils:
      - 3.6055512428283691e+00
      - 5.6568284034729004e+00
      - 7.2801098823547363e+00
      - 9.8488960266113281e+00
      - 13.
      - 1.6763053894042969e+01
      - 2.2472204208374023e+01
      - 3.2310989379882812e+01
      - 5.6460952758789062e+01
