%YAML:1.0
---
# The following values contain the results of the statistical analysis for the keypoint distribution and detector results.
characteristics:
   response:
      count: 170387
      min: 20.
      max: 254.
      median: 247.
      mean: 2.3683229064941406e+02
      variance: 1.5314014892578125e+03
      stddev: 3.9133098602294922e+01
      skewness: -4.2251996994018555e+00
      decentils:
         - 226.
         - 237.
         - 242.
         - 245.
         - 247.
         - 249.
         - 250.
         - 252.
         - 253.
   size:
      count: 170387
      min: 31.
      max: 1.1107859802246094e+02
      median: 31.
      mean: 3.1242599487304688e+01
      variance: 1.0138999223709106e+00
      stddev: 1.0068999528884888e+00
      skewness: 6.2139900207519531e+01
      decentils:
         - 31.
         - 31.
         - 31.
         - 31.
         - 31.
         - 31.
         - 31.
         - 31.
         - 31.
distance:
   count: 168919
   min: 0.
   max: 7.8887896728515625e+02
   median: 1.3152899742126465e+01
   mean: 2.5452299118041992e+01
   variance: 1.5556101074218750e+03
   stddev: 3.9441200256347656e+01
   skewness: 4.9165000915527344e+00
   decentils:
      - 5.
      - 6.4031243324279785e+00
      - 8.2462110519409180e+00
      - 1.0440306663513184e+01
      - 1.3152946472167969e+01
      - 1.6970561981201172e+01
      - 2.2022714614868164e+01
      - 3.1304952621459961e+01
      - 5.4781383514404297e+01
