%YAML:1.0
---
# The following values contain the results of the statistical analysis for the keypoint distribution and detector results.
characteristics:
   response:
      count: 14051
      min: 20.
      max: 254.
      median: 248.
      mean: 2.3632379150390625e+02
      variance: 2.0536223144531250e+03
      stddev: 4.5316898345947266e+01
      skewness: -3.9079999923706055e+00
      decentils:
         - 234.
         - 243.
         - 245.
         - 247.
         - 248.
         - 249.
         - 251.
         - 252.
         - 253.
   size:
      count: 14051
      min: 31.
      max: 6.4281600952148438e+01
      median: 31.
      mean: 3.1516099929809570e+01
      variance: 3.9168999195098877e+00
      stddev: 1.9790999889373779e+00
      skewness: 4.3077998161315918e+00
      decentils:
         - 31.
         - 31.
         - 31.
         - 31.
         - 31.
         - 31.
         - 31.
         - 31.
         - 31.
distance:
   count: 13937
   min: 0.
   max: 6.3930279541015625e+02
   median: 1.8027799606323242e+01
   mean: 2.9797100067138672e+01
   variance: 1.4573446044921875e+03
   stddev: 3.8175197601318359e+01
   skewness: 4.3317999839782715e+00
   decentils:
      - 4.2426404953002930e+00
      - 7.2801098823547363e+00
      - 1.0440306663513184e+01
      - 1.3928388595581055e+01
      - 1.8027755737304688e+01
      - 2.3194826126098633e+01
      - 3.0594116210937500e+01
      - 4.2201896667480469e+01
      - 6.6068145751953125e+01
