%YAML:1.0
---
# The following values contain the results of the statistical analysis for the keypoint distribution and detector results.
characteristics:
   response:
      count: 13417
      min: -2.0999999251216650e-03
      max: 6.1899997293949127e-02
      median: 1.1699999682605267e-02
      mean: 1.2600000016391277e-02
      variance: 0.
      stddev: 5.4999999701976776e-03
      skewness: 1.0815999507904053e+00
      decentils:
         - 7.5646359473466873e-03
         - 8.8074523955583572e-03
         - 9.7229955717921257e-03
         - 1.0685866698622704e-02
         - 1.1734171770513058e-02
         - 1.2893810868263245e-02
         - 1.4341236092150211e-02
         - 1.6250340268015862e-02
         - 1.9292546436190605e-02
   size:
      count: 13417
      min: 31.
      max: 6.4281600952148438e+01
      median: 31.
      mean: 3.1540399551391602e+01
      variance: 4.0886998176574707e+00
      stddev: 2.0220999717712402e+00
      skewness: 4.1891999244689941e+00
      decentils:
         - 31.
         - 31.
         - 31.
         - 31.
         - 31.
         - 31.
         - 31.
         - 31.
         - 31.
distance:
   count: 13303
   min: 0.
   max: 6.3930279541015625e+02
   median: 18.
   mean: 2.9775199890136719e+01
   variance: 1.5243605957031250e+03
   stddev: 3.9043098449707031e+01
   skewness: 4.2866997718811035e+00
   decentils:
      - 3.1622776985168457e+00
      - 6.7082037925720215e+00
      - 10.
      - 1.3601470947265625e+01
      - 18.
      - 2.3194826126098633e+01
      - 3.0594116210937500e+01
      - 4.2382080078125000e+01
      - 6.7007461547851562e+01
