%YAML:1.0
---
classification:
   relevant_elements: 2303
   irrelevant_elements: 10888
   total_elements: 13191
   selected_elements: 4965
   true_positives: 1547
   false_positives: 3418
   true_negatives: 7470
   false_negatives: 756
   precision: 3.1159999999999999e-01
   recall: 6.7170000000000007e-01
   fallout: 3.1390000000000001e-01
   sensitivity: 6.7170000000000007e-01
   specificity: 6.8610000000000004e-01
   rand_index: 6.8359999999999999e-01
   youden_index: 3.5780000000000001e-01
masked_points: 447
