%YAML:1.0
---
# The following values contain the results of the statistical analysis for the keypoint distribution and detector results.
characteristics:
   response:
      count: 52186
      min: 20.
      max: 253.
      median: 176.
      mean: 1.6520909118652344e+02
      variance: 2.2284282226562500e+03
      stddev: 4.7206199645996094e+01
      skewness: -1.7819999158382416e-01
      decentils:
         - 107.
         - 125.
         - 141.
         - 158.
         - 176.
         - 180.
         - 180.
         - 191.
         - 239.
   size:
      count: 52186
      min: 31.
      max: 1.1107859802246094e+02
      median: 31.
      mean: 3.1833398818969727e+01
      variance: 1.6602499008178711e+01
      stddev: 4.0745997428894043e+00
      skewness: 1.0171299934387207e+01
      decentils:
         - 31.
         - 31.
         - 31.
         - 31.
         - 31.
         - 31.
         - 31.
         - 31.
         - 31.
distance:
   count: 51764
   min: 0.
   max: 7.6556060791015625e+02
   median: 5.
   mean: 1.8167200088500977e+01
   variance: 2.0252843017578125e+03
   stddev: 4.5003200531005859e+01
   skewness: 6.2059998512268066e+00
   decentils:
      - 2.
      - 2.2360680103302002e+00
      - 3.0594427585601807e+00
      - 4.
      - 5.
      - 6.4031243324279785e+00
      - 9.8488578796386719e+00
      - 1.7029386520385742e+01
      - 3.9051246643066406e+01
