%YAML:1.0
---
classification:
   relevant_elements: 17798
   irrelevant_elements: 34139
   total_elements: 51937
   selected_elements: 21426
   true_positives: 10085
   false_positives: 11341
   true_negatives: 22798
   false_negatives: 7713
   precision: 4.7070000000000001e-01
   recall: 5.6659999999999999e-01
   fallout: 3.3220000000000000e-01
   sensitivity: 5.6659999999999999e-01
   specificity: 6.6780000000000006e-01
   rand_index: 6.3310000000000000e-01
   youden_index: 2.3440000000000003e-01
masked_points: 0
