%YAML:1.0
---
# The following values contain the results of the statistical analysis for the keypoint distribution and detector results.
characteristics:
   response:
      count: 49469
      min: -5.8999997563660145e-03
      max: 5.7799998670816422e-02
      median: 5.5999998003244400e-03
      mean: 6.9999997504055500e-03
      variance: 0.
      stddev: 5.6999996304512024e-03
      skewness: 1.7495999336242676e+00
      decentils:
         - 1.6468177782371640e-03
         - 2.5413217954337597e-03
         - 3.4435465931892395e-03
         - 4.5124762691557407e-03
         - 5.5916202254593372e-03
         - 6.7114080302417278e-03
         - 8.4190825000405312e-03
         - 1.0661615058779716e-02
         - 1.4512239024043083e-02
   size:
      count: 49469
      min: 31.
      max: 1.1107859802246094e+02
      median: 31.
      mean: 3.1879199981689453e+01
      variance: 1.7528999328613281e+01
      stddev: 4.1868000030517578e+00
      skewness: 9.7621002197265625e+00
      decentils:
         - 31.
         - 31.
         - 31.
         - 31.
         - 31.
         - 31.
         - 31.
         - 31.
         - 31.
distance:
   count: 49047
   min: 0.
   max: 7.6556060791015625e+02
   median: 4.2425999641418457e+00
   mean: 1.7645198822021484e+01
   variance: 2.0128760986328125e+03
   stddev: 4.4865097045898438e+01
   skewness: 6.0825996398925781e+00
   decentils:
      - 2.
      - 2.2360680103302002e+00
      - 2.8284270763397217e+00
      - 3.6055512428283691e+00
      - 4.2426404953002930e+00
      - 5.8309516906738281e+00
      - 9.
      - 1.5652476310729980e+01
      - 3.8066253662109375e+01
