%YAML:1.0
---
# The following values contain the results of the statistical analysis for the keypoint distribution and detector results.
characteristics:
   response:
      count: 18000
      min: 2.7999999001622200e-03
      max: 3.1500000506639481e-02
      median: 4.9000000581145287e-03
      mean: 5.6999996304512024e-03
      variance: 0.
      stddev: 2.4999999441206455e-03
      skewness: 2.3208999633789062e+00
      decentils:
         - 3.5671871155500412e-03
         - 3.8900289218872786e-03
         - 4.1999197565019131e-03
         - 4.5215380378067493e-03
         - 4.9190130084753036e-03
         - 5.4234825074672699e-03
         - 6.0866805724799633e-03
         - 7.0835025981068611e-03
         - 8.7753226980566978e-03
   size:
      count: 18000
      min: 4.7999997138977051e+00
      max: 2.2832799911499023e+01
      median: 5.7081999778747559e+00
      mean: 6.0025997161865234e+00
      variance: 3.7662999629974365e+00
      stddev: 1.9406999349594116e+00
      skewness: 2.7705998420715332e+00
      decentils:
         - 4.8000001907348633e+00
         - 4.8000001907348633e+00
         - 4.8000001907348633e+00
         - 4.8000001907348633e+00
         - 5.7081937789916992e+00
         - 5.7081937789916992e+00
         - 5.7081937789916992e+00
         - 8.0726060867309570e+00
         - 8.0726060867309570e+00
distance:
   count: 17988
   min: 6.6999997943639755e-03
   max: 1.6536520996093750e+03
   median: 1.0158899307250977e+01
   mean: 2.0590299606323242e+01
   variance: 2.0424075927734375e+03
   stddev: 4.5192996978759766e+01
   skewness: 1.4103899955749512e+01
   decentils:
      - 1.7679207324981689e+00
      - 4.9931397438049316e+00
      - 6.5757026672363281e+00
      - 8.1883249282836914e+00
      - 1.0156874656677246e+01
      - 1.3025156021118164e+01
      - 1.7308128356933594e+01
      - 2.5165758132934570e+01
      - 4.2832382202148438e+01
