%YAML:1.0
---
# The following values contain the results of the statistical analysis for the keypoint distribution and detector results.
characteristics:
   response:
      count: 18000
      min: 2.7999999001622200e-03
      max: 3.1500000506639481e-02
      median: 4.9000000581145287e-03
      mean: 5.6999996304512024e-03
      variance: 0.
      stddev: 2.4999999441206455e-03
      skewness: 2.3213000297546387e+00
      decentils:
         - 3.5623414441943169e-03
         - 3.8850195705890656e-03
         - 4.1960384696722031e-03
         - 4.5174402184784412e-03
         - 4.9162092618644238e-03
         - 5.4192482493817806e-03
         - 6.0822805389761925e-03
         - 7.0863678120076656e-03
         - 8.7715685367584229e-03
   size:
      count: 18000
      min: 4.7999997138977051e+00
      max: 2.2832799911499023e+01
      median: 5.7081999778747559e+00
      mean: 6.0011997222900391e+00
      variance: 3.7612998485565186e+00
      stddev: 1.9393999576568604e+00
      skewness: 2.7756998538970947e+00
      decentils:
         - 4.8000001907348633e+00
         - 4.8000001907348633e+00
         - 4.8000001907348633e+00
         - 4.8000001907348633e+00
         - 5.7081937789916992e+00
         - 5.7081937789916992e+00
         - 5.7081937789916992e+00
         - 8.0726060867309570e+00
         - 8.0726060867309570e+00
distance:
   count: 17988
   min: 1.0099999606609344e-02
   max: 2.6415197753906250e+03
   median: 1.0146699905395508e+01
   mean: 2.0479299545288086e+01
   variance: 2.5180087890625000e+03
   stddev: 5.0179798126220703e+01
   skewness: 2.1559799194335938e+01
   decentils:
      - 1.7712613344192505e+00
      - 5.0091295242309570e+00
      - 6.5609793663024902e+00
      - 8.1966562271118164e+00
      - 1.0140580177307129e+01
      - 1.3056124687194824e+01
      - 1.7257755279541016e+01
      - 2.4893339157104492e+01
      - 4.1890350341796875e+01
