%YAML:1.0
---
classification:
   relevant_elements: 222505
   irrelevant_elements: 1973077
   total_elements: 2195582
   selected_elements: 686364
   true_positives: 35467
   false_positives: 650897
   true_negatives: 1322180
   false_negatives: 187038
   precision: 5.1700000000000003e-02
   recall: 1.5940000000000001e-01
   fallout: 3.2990000000000003e-01
   sensitivity: 1.5940000000000001e-01
   specificity: 6.7010000000000003e-01
   rand_index: 6.1840000000000006e-01
   youden_index: -1.7050000000000001e-01
masked_points: 367279
