%YAML:1.0
---
# The following values contain the results of the statistical analysis for the keypoint distribution and detector results.
characteristics:
   response:
      count: 2198592
      min: 9.9999993108212948e-04
      max: 6.4199998974800110e-02
      median: 3.8999998942017555e-03
      mean: 4.9000000581145287e-03
      variance: 0.
      stddev: 3.4999998752027750e-03
      skewness: 2.4914999008178711e+00
      decentils:
         - 2.0311083644628525e-03
         - 2.4555067066103220e-03
         - 2.8836228884756565e-03
         - 3.3335331827402115e-03
         - 3.8602307904511690e-03
         - 4.5299129560589790e-03
         - 5.4237195290625095e-03
         - 6.7407246679067612e-03
         - 9.1510843485593796e-03
   size:
      count: 2198592
      min: 4.7999997138977051e+00
      max: 3.2290397644042969e+01
      median: 4.7999997138977051e+00
      mean: 5.3017997741699219e+00
      variance: 6.5590000152587891e-01
      stddev: 8.0989998579025269e-01
      skewness: 2.5317798614501953e+01
      decentils:
         - 4.8000001907348633e+00
         - 4.8000001907348633e+00
         - 4.8000001907348633e+00
         - 4.8000001907348633e+00
         - 4.8000001907348633e+00
         - 4.8000001907348633e+00
         - 4.8000001907348633e+00
         - 5.7081937789916992e+00
         - 5.7081937789916992e+00
distance:
   count: 2197124
   min: 5.2999998442828655e-03
   max: 7.5807238769531250e+02
   median: 7.1943998336791992e+00
   mean: 1.0471599578857422e+01
   variance: 2.4223348999023438e+02
   stddev: 1.5563899993896484e+01
   skewness: 1.3842599868774414e+01
   decentils:
      - 4.4076285362243652e+00
      - 5.1655607223510742e+00
      - 5.6831746101379395e+00
      - 6.3211698532104492e+00
      - 7.1943445205688477e+00
      - 8.3004055023193359e+00
      - 9.7311077117919922e+00
      - 1.2104672431945801e+01
      - 1.7688768386840820e+01
