%YAML:1.0
---
classification:
   relevant_elements: 222495
   irrelevant_elements: 1973097
   total_elements: 2195592
   selected_elements: 686478
   true_positives: 35387
   false_positives: 651091
   true_negatives: 1322006
   false_negatives: 187108
   precision: 5.1500000000000004e-02
   recall: 1.5900000000000000e-01
   fallout: 3.3000000000000002e-01
   sensitivity: 1.5900000000000000e-01
   specificity: 6.7000000000000004e-01
   rand_index: 6.1820000000000008e-01
   youden_index: -1.7090000000000000e-01
masked_points: 367303
