%YAML:1.0
---
# The following values contain the results of the statistical analysis for the keypoint distribution and detector results.
characteristics:
   response:
      count: 2198582
      min: 9.9999993108212948e-04
      max: 6.4300000667572021e-02
      median: 3.8999998942017555e-03
      mean: 4.9000000581145287e-03
      variance: 0.
      stddev: 3.4999998752027750e-03
      skewness: 2.4909999370574951e+00
      decentils:
         - 2.0305279176682234e-03
         - 2.4552422109991312e-03
         - 2.8833681717514992e-03
         - 3.3335853368043900e-03
         - 3.8601139094680548e-03
         - 4.5295436866581440e-03
         - 5.4228859953582287e-03
         - 6.7402292042970657e-03
         - 9.1503402218222618e-03
   size:
      count: 2198582
      min: 4.7999997138977051e+00
      max: 3.2290397644042969e+01
      median: 4.7999997138977051e+00
      mean: 5.3017997741699219e+00
      variance: 6.5520000457763672e-01
      stddev: 8.0939996242523193e-01
      skewness: 2.5341598510742188e+01
      decentils:
         - 4.8000001907348633e+00
         - 4.8000001907348633e+00
         - 4.8000001907348633e+00
         - 4.8000001907348633e+00
         - 4.8000001907348633e+00
         - 4.8000001907348633e+00
         - 4.8000001907348633e+00
         - 5.7081937789916992e+00
         - 5.7081937789916992e+00
distance:
   count: 2197114
   min: 4.3999999761581421e-03
   max: 7.3099639892578125e+02
   median: 7.1963000297546387e+00
   mean: 1.0472199440002441e+01
   variance: 2.3902969360351562e+02
   stddev: 1.5460599899291992e+01
   skewness: 1.3618099212646484e+01
   decentils:
      - 4.4058928489685059e+00
      - 5.1650161743164062e+00
      - 5.6821055412292480e+00
      - 6.3207230567932129e+00
      - 7.1962943077087402e+00
      - 8.3054447174072266e+00
      - 9.7398548126220703e+00
      - 1.2119729995727539e+01
      - 1.7727758407592773e+01
