%YAML:1.0
---
classification:
   relevant_elements: 36331
   irrelevant_elements: 131669
   total_elements: 168000
   selected_elements: 64210
   true_positives: 15454
   false_positives: 48756
   true_negatives: 82913
   false_negatives: 20877
   precision: 2.4070000000000003e-01
   recall: 4.2540000000000000e-01
   fallout: 3.7030000000000002e-01
   sensitivity: 4.2540000000000000e-01
   specificity: 6.2970000000000004e-01
   rand_index: 5.8550000000000002e-01
   youden_index: 5.5100000000000003e-02
masked_points: 9367
