%YAML:1.0
---
# The following values contain the results of the statistical analysis for the keypoint distribution and detector results.
characteristics:
   response:
      count: 171000
      min: 1.3000000035390258e-03
      max: 5.8699999004602432e-02
      median: 4.9000000581145287e-03
      mean: 6.6999997943639755e-03
      variance: 0.
      stddev: 5.4999999701976776e-03
      skewness: 2.1877999305725098e+00
      decentils:
         - 2.1774284541606903e-03
         - 2.6712084654718637e-03
         - 3.2620620913803577e-03
         - 3.9783231914043427e-03
         - 4.8799728974699974e-03
         - 6.0348534025251865e-03
         - 7.5972145423293114e-03
         - 9.8514128476381302e-03
         - 1.3890976086258888e-02
   size:
      count: 171000
      min: 4.7999997138977051e+00
      max: 2.2832799911499023e+01
      median: 4.7999997138977051e+00
      mean: 5.5412998199462891e+00
      variance: 2.9003999233245850e+00
      stddev: 1.7029999494552612e+00
      skewness: 3.9220998287200928e+00
      decentils:
         - 4.8000001907348633e+00
         - 4.8000001907348633e+00
         - 4.8000001907348633e+00
         - 4.8000001907348633e+00
         - 4.8000001907348633e+00
         - 4.8000001907348633e+00
         - 5.7081937789916992e+00
         - 5.7081937789916992e+00
         - 8.0726060867309570e+00
distance:
   count: 170886
   min: 2.1199999377131462e-02
   max: 7.3394329833984375e+02
   median: 7.3699998855590820e+00
   mean: 1.0324899673461914e+01
   variance: 2.4736599731445312e+02
   stddev: 1.5727899551391602e+01
   skewness: 1.4092599868774414e+01
   decentils:
      - 3.0278124809265137e+00
      - 4.8745703697204590e+00
      - 5.6220736503601074e+00
      - 6.4091830253601074e+00
      - 7.3698368072509766e+00
      - 8.4677019119262695e+00
      - 9.8218536376953125e+00
      - 1.2109883308410645e+01
      - 1.7461563110351562e+01
