%YAML:1.0
---
# The following values contain the results of the statistical analysis for the keypoint distribution and detector results.
characteristics:
   response:
      count: 171000
      min: 1.3000000035390258e-03
      max: 5.8699999004602432e-02
      median: 4.9000000581145287e-03
      mean: 6.6999997943639755e-03
      variance: 0.
      stddev: 5.4999999701976776e-03
      skewness: 2.1878998279571533e+00
      decentils:
         - 2.1784799173474312e-03
         - 2.6714773848652840e-03
         - 3.2638045959174633e-03
         - 3.9807367138564587e-03
         - 4.8808264546096325e-03
         - 6.0390685684978962e-03
         - 7.6002534478902817e-03
         - 9.8514845594763756e-03
         - 1.3889711350202560e-02
   size:
      count: 171000
      min: 4.7999997138977051e+00
      max: 2.2832799911499023e+01
      median: 4.7999997138977051e+00
      mean: 5.5412998199462891e+00
      variance: 2.8996000289916992e+00
      stddev: 1.7027999162673950e+00
      skewness: 3.9212999343872070e+00
      decentils:
         - 4.8000001907348633e+00
         - 4.8000001907348633e+00
         - 4.8000001907348633e+00
         - 4.8000001907348633e+00
         - 4.8000001907348633e+00
         - 4.8000001907348633e+00
         - 5.7081937789916992e+00
         - 5.7081937789916992e+00
         - 8.0726060867309570e+00
distance:
   count: 170886
   min: 2.4199999868869781e-02
   max: 7.1425677490234375e+02
   median: 7.3687000274658203e+00
   mean: 1.0335199356079102e+01
   variance: 2.4206869506835938e+02
   stddev: 1.5558599472045898e+01
   skewness: 1.3844199180603027e+01
   decentils:
      - 3.0289657115936279e+00
      - 4.8670310974121094e+00
      - 5.6157732009887695e+00
      - 6.4036598205566406e+00
      - 7.3685903549194336e+00
      - 8.4740600585937500e+00
      - 9.8451786041259766e+00
      - 1.2132420539855957e+01
      - 1.7516183853149414e+01
