%YAML:1.0
---
# The following values contain the results of the statistical analysis for the keypoint distribution and detector results.
characteristics:
   response:
      count: 44221
      min: 9.9999993108212948e-04
      max: 1.2600000016391277e-02
      median: 1.6999999061226845e-03
      mean: 2.1999999880790710e-03
      variance: 0.
      stddev: 1.5999999595806003e-03
      skewness: 2.5743999481201172e+00
      decentils:
         - 1.0882031638175249e-03
         - 1.1927456362172961e-03
         - 1.3238047249615192e-03
         - 1.4937736559659243e-03
         - 1.6945173265412450e-03
         - 1.9503211369737983e-03
         - 2.2934142034500837e-03
         - 2.8449993114918470e-03
         - 4.0126494131982327e-03
   size:
      count: 44221
      min: 4.7999997138977051e+00
      max: 5.4305797576904297e+01
      median: 8.0725994110107422e+00
      mean: 1.1837699890136719e+01
      variance: 5.8586097717285156e+01
      stddev: 7.6541996002197266e+00
      skewness: 1.7542999982833862e+00
      decentils:
         - 4.8000001907348633e+00
         - 5.7081937789916992e+00
         - 8.0726060867309570e+00
         - 8.0726060867309570e+00
         - 8.0726060867309570e+00
         - 1.1416387557983398e+01
         - 1.3576450347900391e+01
         - 1.6145212173461914e+01
         - 2.2832775115966797e+01
distance:
   count: 43799
   min: 5.7999999262392521e-03
   max: 5.7619915771484375e+02
   median: 4.9214000701904297e+00
   mean: 2.0105298995971680e+01
   variance: 2.1167700195312500e+03
   stddev: 4.6008399963378906e+01
   skewness: 4.9222998619079590e+00
   decentils:
      - 8.3209633827209473e-01
      - 1.4504157304763794e+00
      - 2.3144590854644775e+00
      - 3.3680028915405273e+00
      - 4.9180178642272949e+00
      - 7.6220836639404297e+00
      - 1.2272811889648438e+01
      - 2.2427623748779297e+01
      - 4.5045688629150391e+01
