%YAML:1.0
---
# The following values contain the results of the statistical analysis for the keypoint distribution and detector results.
characteristics:
   response:
      count: 44309
      min: 9.9999993108212948e-04
      max: 1.2600000016391277e-02
      median: 1.6999999061226845e-03
      mean: 2.1999999880790710e-03
      variance: 0.
      stddev: 1.5999999595806003e-03
      skewness: 2.5734000205993652e+00
      decentils:
         - 1.0879884939640760e-03
         - 1.1924048885703087e-03
         - 1.3242018176242709e-03
         - 1.4927921583876014e-03
         - 1.6944651724770665e-03
         - 1.9499153131619096e-03
         - 2.2936635650694370e-03
         - 2.8453641571104527e-03
         - 4.0059029124677181e-03
   size:
      count: 44309
      min: 4.7999997138977051e+00
      max: 5.4305797576904297e+01
      median: 8.0725994110107422e+00
      mean: 1.1833099365234375e+01
      variance: 5.8627799987792969e+01
      stddev: 7.6568999290466309e+00
      skewness: 1.7554999589920044e+00
      decentils:
         - 4.8000001907348633e+00
         - 5.7081937789916992e+00
         - 8.0726060867309570e+00
         - 8.0726060867309570e+00
         - 8.0726060867309570e+00
         - 1.1416387557983398e+01
         - 1.3576450347900391e+01
         - 1.6145212173461914e+01
         - 2.2832775115966797e+01
distance:
   count: 43887
   min: 1.3700000010430813e-02
   max: 5.7613006591796875e+02
   median: 4.9277997016906738e+00
   mean: 2.0072198867797852e+01
   variance: 2.1106748046875000e+03
   stddev: 4.5942100524902344e+01
   skewness: 4.9238996505737305e+00
   decentils:
      - 8.3007264137268066e-01
      - 1.4529809951782227e+00
      - 2.3134353160858154e+00
      - 3.3667929172515869e+00
      - 4.9273695945739746e+00
      - 7.6211175918579102e+00
      - 1.2270024299621582e+01
      - 2.2397605895996094e+01
      - 4.5007213592529297e+01
