%YAML:1.0
---
classification:
   relevant_elements: 26466
   irrelevant_elements: 17723
   total_elements: 44189
   selected_elements: 31172
   true_positives: 22289
   false_positives: 8883
   true_negatives: 8840
   false_negatives: 4177
   precision: 7.1500000000000008e-01
   recall: 8.4220000000000006e-01
   fallout: 5.0119999999999998e-01
   sensitivity: 8.4220000000000006e-01
   specificity: 4.9880000000000002e-01
   rand_index: 7.0450000000000002e-01
   youden_index: 3.4100000000000003e-01
masked_points: 0
