%YAML:1.0
---
classification:
   relevant_elements: 26455
   irrelevant_elements: 17645
   total_elements: 44100
   selected_elements: 31044
   true_positives: 22179
   false_positives: 8865
   true_negatives: 8780
   false_negatives: 4276
   precision: 7.1440000000000003e-01
   recall: 8.3840000000000003e-01
   fallout: 5.0240000000000007e-01
   sensitivity: 8.3840000000000003e-01
   specificity: 4.9760000000000004e-01
   rand_index: 7.0200000000000007e-01
   youden_index: 3.3600000000000002e-01
masked_points: 0
