%YAML:1.0
---
# The following values contain the results of the statistical analysis for the keypoint distribution and detector results.
characteristics:
   response:
      count: 14599
      min: 1.3299999758601189e-02
      max: 9.8499998450279236e-02
      median: 2.5799999013543129e-02
      mean: 2.8799999505281448e-02
      variance: 9.9999997473787516e-05
      stddev: 1.2199999764561653e-02
      skewness: 1.0478999614715576e+00
      decentils:
         - 1.5681205317378044e-02
         - 1.8068907782435417e-02
         - 2.0450115203857422e-02
         - 2.3016588762402534e-02
         - 2.5819275528192520e-02
         - 2.9361367225646973e-02
         - 3.3417642116546631e-02
         - 3.8652587682008743e-02
         - 4.6231344342231750e-02
   size:
      count: 14599
      min: 5.0000996589660645e+00
      max: 3.3366308593750000e+02
      median: 7.5713996887207031e+00
      mean: 1.0632199287414551e+01
      variance: 1.6603799438476562e+02
      stddev: 1.2885600090026855e+01
      skewness: 1.0489799499511719e+01
      decentils:
         - 5.2634844779968262e+00
         - 5.7408461570739746e+00
         - 6.1796488761901855e+00
         - 6.6231575012207031e+00
         - 7.5696940422058105e+00
         - 8.3999576568603516e+00
         - 9.8991422653198242e+00
         - 1.2220200538635254e+01
         - 1.7016975402832031e+01
distance:
   count: 14587
   min: 0.
   max: 5.5746209716796875e+02
   median: 1.7197198867797852e+01
   mean: 2.0322698593139648e+01
   variance: 4.0203390502929688e+02
   stddev: 2.0050800323486328e+01
   skewness: 5.5769000053405762e+00
   decentils:
      - 0.
      - 7.3836965560913086e+00
      - 1.1253177642822266e+01
      - 1.4117095947265625e+01
      - 1.7182487487792969e+01
      - 2.0566675186157227e+01
      - 2.4542417526245117e+01
      - 2.9875486373901367e+01
      - 3.9438484191894531e+01
