%YAML:1.0
---
# The following values contain the results of the statistical analysis for the keypoint distribution and detector results.
characteristics:
   response:
      count: 14601
      min: 1.3299999758601189e-02
      max: 9.8499998450279236e-02
      median: 2.5899998843669891e-02
      mean: 2.8899999335408211e-02
      variance: 9.9999997473787516e-05
      stddev: 1.2199999764561653e-02
      skewness: 1.0559999942779541e+00
      decentils:
         - 1.5685647726058960e-02
         - 1.8077323213219643e-02
         - 2.0476439967751503e-02
         - 2.3025015369057655e-02
         - 2.5853272527456284e-02
         - 2.9351713135838509e-02
         - 3.3475782722234726e-02
         - 3.8663480430841446e-02
         - 4.6302568167448044e-02
   size:
      count: 14601
      min: 5.
      max: 3.3365798950195312e+02
      median: 7.5545997619628906e+00
      mean: 1.0624499320983887e+01
      variance: 1.6586279296875000e+02
      stddev: 1.2878799438476562e+01
      skewness: 1.0502200126647949e+01
      decentils:
         - 5.2603850364685059e+00
         - 5.7259669303894043e+00
         - 6.1742053031921387e+00
         - 6.6177659034729004e+00
         - 7.5546312332153320e+00
         - 8.4031124114990234e+00
         - 9.9148197174072266e+00
         - 1.2230022430419922e+01
         - 1.7042877197265625e+01
distance:
   count: 14589
   min: 0.
   max: 5.5744671630859375e+02
   median: 1.7225599288940430e+01
   mean: 2.0292598724365234e+01
   variance: 4.0020639038085938e+02
   stddev: 2.0005199432373047e+01
   skewness: 5.7065997123718262e+00
   decentils:
      - 0.
      - 7.4496393203735352e+00
      - 1.1249750137329102e+01
      - 1.4136771202087402e+01
      - 1.7209384918212891e+01
      - 2.0545944213867188e+01
      - 2.4484121322631836e+01
      - 2.9814275741577148e+01
      - 3.9443443298339844e+01
