%YAML:1.0
---
# The following values contain the results of the statistical analysis for the keypoint distribution and detector results.
characteristics:
   response:
      count: 243131
      min: 1.3299999758601189e-02
      max: 1.3310000300407410e-01
      median: 3.1300000846385956e-02
      mean: 3.5000000149011612e-02
      variance: 2.9999998514540493e-04
      stddev: 1.6099998727440834e-02
      skewness: 1.0722999572753906e+00
      decentils:
         - 1.7532324418425560e-02
         - 2.0993838086724281e-02
         - 2.4305051192641258e-02
         - 2.7691785246133804e-02
         - 3.1336039304733276e-02
         - 3.5603292286396027e-02
         - 4.0768299251794815e-02
         - 4.7580778598785400e-02
         - 5.7956792414188385e-02
   size:
      count: 243131
      min: 5.
      max: 2.2821688842773438e+02
      median: 6.6683998107910156e+00
      mean: 1.0426699638366699e+01
      variance: 1.5014549255371094e+02
      stddev: 1.2253399848937988e+01
      skewness: 7.6038999557495117e+00
      decentils:
         - 5.1609983444213867e+00
         - 5.3840909004211426e+00
         - 5.8706417083740234e+00
         - 6.2398076057434082e+00
         - 6.6683754920959473e+00
         - 7.7771754264831543e+00
         - 9.3086338043212891e+00
         - 1.1994639396667480e+01
         - 1.7928110122680664e+01
distance:
   count: 241663
   min: 0.
   max: 5.1447509765625000e+02
   median: 1.9187700271606445e+01
   mean: 2.2394800186157227e+01
   variance: 5.2146630859375000e+02
   stddev: 2.2835599899291992e+01
   skewness: 5.3842000961303711e+00
   decentils:
      - 0.
      - 6.0331101417541504e+00
      - 1.1909259796142578e+01
      - 1.5656445503234863e+01
      - 1.9187629699707031e+01
      - 2.2988300323486328e+01
      - 2.7493741989135742e+01
      - 3.3576972961425781e+01
      - 4.4155338287353516e+01
