%YAML:1.0
---
classification:
   relevant_elements: 11405
   irrelevant_elements: 231382
   total_elements: 242787
   selected_elements: 93469
   true_positives: 8353
   false_positives: 85116
   true_negatives: 146266
   false_negatives: 3052
   precision: 8.9400000000000007e-02
   recall: 7.3240000000000005e-01
   fallout: 3.6790000000000000e-01
   sensitivity: 7.3240000000000005e-01
   specificity: 6.3210000000000000e-01
   rand_index: 6.3690000000000002e-01
   youden_index: 3.6449999999999999e-01
masked_points: 34144
