%YAML:1.0
---
# The following values contain the results of the statistical analysis for the keypoint distribution and detector results.
characteristics:
   response:
      count: 243226
      min: 1.3299999758601189e-02
      max: 1.3310000300407410e-01
      median: 3.1300000846385956e-02
      mean: 3.5000000149011612e-02
      variance: 2.9999998514540493e-04
      stddev: 1.6099998727440834e-02
      skewness: 1.0753999948501587e+00
      decentils:
         - 1.7529368400573730e-02
         - 2.0990900695323944e-02
         - 2.4305904284119606e-02
         - 2.7686528861522675e-02
         - 3.1337007880210876e-02
         - 3.5598792135715485e-02
         - 4.0748529136180878e-02
         - 4.7565568238496780e-02
         - 5.7947140187025070e-02
   size:
      count: 243226
      min: 5.
      max: 2.2832279968261719e+02
      median: 6.6689000129699707e+00
      mean: 1.0424799919128418e+01
      variance: 1.4993249511718750e+02
      stddev: 1.2244699478149414e+01
      skewness: 7.6039996147155762e+00
      decentils:
         - 5.1611742973327637e+00
         - 5.3842697143554688e+00
         - 5.8714423179626465e+00
         - 6.2395272254943848e+00
         - 6.6688356399536133e+00
         - 7.7748665809631348e+00
         - 9.3081817626953125e+00
         - 1.1988964080810547e+01
         - 1.7931758880615234e+01
distance:
   count: 241758
   min: 0.
   max: 5.1446868896484375e+02
   median: 1.9182800292968750e+01
   mean: 2.2387100219726562e+01
   variance: 5.2101660156250000e+02
   stddev: 2.2825799942016602e+01
   skewness: 5.3944997787475586e+00
   decentils:
      - 0.
      - 6.0394029617309570e+00
      - 1.1918991088867188e+01
      - 1.5661606788635254e+01
      - 1.9182172775268555e+01
      - 2.2995450973510742e+01
      - 2.7501703262329102e+01
      - 3.3563388824462891e+01
      - 4.4122783660888672e+01
