%YAML:1.0
---
classification:
   relevant_elements: 11428
   irrelevant_elements: 231265
   total_elements: 242693
   selected_elements: 93437
   true_positives: 8362
   false_positives: 85075
   true_negatives: 146190
   false_negatives: 3066
   precision: 8.9500000000000010e-02
   recall: 7.3170000000000002e-01
   fallout: 3.6790000000000000e-01
   sensitivity: 7.3170000000000002e-01
   specificity: 6.3210000000000000e-01
   rand_index: 6.3680000000000003e-01
   youden_index: 3.6380000000000001e-01
masked_points: 34108
