%YAML:1.0
---
# The following values contain the results of the statistical analysis for the keypoint distribution and detector results.
characteristics:
   response:
      count: 21052
      min: 1.3299999758601189e-02
      max: 1.2409999966621399e-01
      median: 4.9399998039007187e-02
      mean: 5.0899997353553772e-02
      variance: 4.9999996554106474e-04
      stddev: 2.1499998867511749e-02
      skewness: 4.1650000214576721e-01
      decentils:
         - 2.3367721587419510e-02
         - 3.0713593587279320e-02
         - 3.7075247615575790e-02
         - 4.3181180953979492e-02
         - 4.9378544092178345e-02
         - 5.5191125720739365e-02
         - 6.1916835606098175e-02
         - 6.9419011473655701e-02
         - 8.0278746783733368e-02
   size:
      count: 21052
      min: 5.0001997947692871e+00
      max: 2.1448258972167969e+02
      median: 6.8388996124267578e+00
      mean: 1.0389200210571289e+01
      variance: 9.5084999084472656e+01
      stddev: 9.7511997222900391e+00
      skewness: 5.3336000442504883e+00
      decentils:
         - 5.1839327812194824e+00
         - 5.4406418800354004e+00
         - 5.9231390953063965e+00
         - 6.3186984062194824e+00
         - 6.8362259864807129e+00
         - 7.9949479103088379e+00
         - 9.7009916305541992e+00
         - 1.2563323020935059e+01
         - 1.9086683273315430e+01
distance:
   count: 20938
   min: 0.
   max: 4.5542819213867188e+02
   median: 1.8871398925781250e+01
   mean: 2.1281900405883789e+01
   variance: 4.4022998046875000e+02
   stddev: 2.0981698989868164e+01
   skewness: 4.4526000022888184e+00
   decentils:
      - 0.
      - 1.2162196636199951e+00
      - 1.1156162261962891e+01
      - 1.5261316299438477e+01
      - 1.8863777160644531e+01
      - 2.2677013397216797e+01
      - 2.6820856094360352e+01
      - 3.2925365447998047e+01
      - 4.2434505462646484e+01
