%YAML:1.0
---
# The following values contain the results of the statistical analysis for the keypoint distribution and detector results.
characteristics:
   response:
      count: 21093
      min: 1.3299999758601189e-02
      max: 1.2399999797344208e-01
      median: 4.9300000071525574e-02
      mean: 5.0799999386072159e-02
      variance: 4.9999996554106474e-04
      stddev: 2.1599998697638512e-02
      skewness: 4.1939997673034668e-01
      decentils:
         - 2.3327967151999474e-02
         - 3.0706187710165977e-02
         - 3.7028439342975616e-02
         - 4.3122220784425735e-02
         - 4.9304440617561340e-02
         - 5.5107079446315765e-02
         - 6.1882868409156799e-02
         - 6.9405063986778259e-02
         - 8.0329827964305878e-02
   size:
      count: 21093
      min: 5.
      max: 2.1448458862304688e+02
      median: 6.8365998268127441e+00
      mean: 1.0375100135803223e+01
      variance: 9.4188301086425781e+01
      stddev: 9.7051000595092773e+00
      skewness: 5.3224997520446777e+00
      decentils:
         - 5.1831822395324707e+00
         - 5.4361491203308105e+00
         - 5.9175591468811035e+00
         - 6.3164386749267578e+00
         - 6.8361091613769531e+00
         - 7.9959483146667480e+00
         - 9.6975011825561523e+00
         - 1.2546293258666992e+01
         - 1.9065813064575195e+01
distance:
   count: 20979
   min: 0.
   max: 4.5543988037109375e+02
   median: 1.8816999435424805e+01
   mean: 2.1241100311279297e+01
   variance: 4.4328228759765625e+02
   stddev: 2.1054300308227539e+01
   skewness: 4.5469999313354492e+00
   decentils:
      - 0.
      - 9.2299318313598633e-01
      - 1.1108599662780762e+01
      - 1.5241029739379883e+01
      - 1.8813703536987305e+01
      - 2.2629060745239258e+01
      - 2.6777919769287109e+01
      - 3.2775436401367188e+01
      - 4.2339775085449219e+01
