%YAML:1.0
---
classification:
   relevant_elements: 3636
   irrelevant_elements: 4186
   total_elements: 7822
   selected_elements: 5291
   true_positives: 3580
   false_positives: 1711
   true_negatives: 2475
   false_negatives: 56
   precision: 6.7659999999999998e-01
   recall: 9.8460000000000003e-01
   fallout: 4.0870000000000001e-01
   sensitivity: 9.8460000000000003e-01
   specificity: 5.9130000000000005e-01
   rand_index: 7.7410000000000001e-01
   youden_index: 5.7590000000000008e-01
masked_points: 11
