%YAML:1.0
---
# The following values contain the results of the statistical analysis for the keypoint distribution and detector results.
characteristics:
   response:
      count: 7810
      min: 1.3299999758601189e-02
      max: 5.6099999696016312e-02
      median: 2.2399999201297760e-02
      mean: 2.4799998849630356e-02
      variance: 9.9999997473787516e-05
      stddev: 8.8999997824430466e-03
      skewness: 9.0009999275207520e-01
      decentils:
         - 1.4907269738614559e-02
         - 1.7077824100852013e-02
         - 1.8746754154562950e-02
         - 2.0524350926280022e-02
         - 2.2399434819817543e-02
         - 2.4657534435391426e-02
         - 2.7571406215429306e-02
         - 3.2697606831789017e-02
         - 3.9024729281663895e-02
   size:
      count: 7810
      min: 5.0001997947692871e+00
      max: 1.5894549560546875e+02
      median: 1.2382499694824219e+01
      mean: 2.3646398544311523e+01
      variance: 8.6129217529296875e+02
      stddev: 2.9347799301147461e+01
      skewness: 2.5994000434875488e+00
      decentils:
         - 5.8300490379333496e+00
         - 7.0366187095642090e+00
         - 8.3585777282714844e+00
         - 1.0232854843139648e+01
         - 1.2382468223571777e+01
         - 1.5080635070800781e+01
         - 1.9822881698608398e+01
         - 2.9631200790405273e+01
         - 6.6538589477539062e+01
distance:
   count: 7388
   min: 0.
   max: 6.5815185546875000e+02
   median: 2.5202999114990234e+01
   mean: 4.5044097900390625e+01
   variance: 4.3001865234375000e+03
   stddev: 6.5575798034667969e+01
   skewness: 3.6559000015258789e+00
   decentils:
      - 0.
      - 0.
      - 1.0662420272827148e+01
      - 1.7645334243774414e+01
      - 2.5144804000854492e+01
      - 3.4944210052490234e+01
      - 4.7794357299804688e+01
      - 7.0179420471191406e+01
      - 1.0760167694091797e+02
