%YAML:1.0
---
# The following values contain the results of the statistical analysis for the keypoint distribution and detector results.
characteristics:
   response:
      count: 7851
      min: 1.3299999758601189e-02
      max: 5.5999998003244400e-02
      median: 2.2399999201297760e-02
      mean: 2.4799998849630356e-02
      variance: 9.9999997473787516e-05
      stddev: 8.8999997824430466e-03
      skewness: 9.0499997138977051e-01
      decentils:
         - 1.4925260096788406e-02
         - 1.7058063298463821e-02
         - 1.8788209185004234e-02
         - 2.0547790452837944e-02
         - 2.2366680204868317e-02
         - 2.4603612720966339e-02
         - 2.7528250589966774e-02
         - 3.2653465867042542e-02
         - 3.8952954113483429e-02
   size:
      count: 7851
      min: 5.0002999305725098e+00
      max: 1.5896299743652344e+02
      median: 1.2344599723815918e+01
      mean: 2.3549699783325195e+01
      variance: 8.5584216308593750e+02
      stddev: 2.9254798889160156e+01
      skewness: 2.6059000492095947e+00
      decentils:
         - 5.7705616950988770e+00
         - 6.9974837303161621e+00
         - 8.3417434692382812e+00
         - 1.0257533073425293e+01
         - 1.2344644546508789e+01
         - 1.4905400276184082e+01
         - 1.9653470993041992e+01
         - 2.9150663375854492e+01
         - 6.6441192626953125e+01
distance:
   count: 7429
   min: 0.
   max: 6.5803338623046875e+02
   median: 2.4812999725341797e+01
   mean: 4.4728500366210938e+01
   variance: 4.2942724609375000e+03
   stddev: 6.5530700683593750e+01
   skewness: 3.7112998962402344e+00
   decentils:
      - 0.
      - 0.
      - 1.0546518325805664e+01
      - 1.7469621658325195e+01
      - 2.4748403549194336e+01
      - 3.4388477325439453e+01
      - 4.7377807617187500e+01
      - 6.9962257385253906e+01
      - 1.0654885101318359e+02
