%YAML:1.0
---
# The following values contain the results of the statistical analysis for the keypoint distribution and detector results.
characteristics:
   response:
      count: 3600
      min: 1.1741487304687500e+04
      max: 8.4631335937500000e+04
      median: 1.8096699218750000e+04
      mean: 2.0442748046875000e+04
      variance: 61338148.
      stddev: 7.8318676757812500e+03
      skewness: 2.2878999710083008e+00
      decentils:
         - 1.3600462890625000e+04
         - 1.4744352539062500e+04
         - 1.5776689453125000e+04
         - 1.6939082031250000e+04
         - 1.8096699218750000e+04
         - 1.9605384765625000e+04
         - 2.1608794921875000e+04
         - 2.4880015625000000e+04
         - 2.9849419921875000e+04
   size:
      count: 3600
      min: 10.
      max: 21.
      median: 16.
      mean: 1.5576099395751953e+01
      variance: 1.2991999387741089e+00
      stddev: 1.1397999525070190e+00
      skewness: -3.2919999957084656e-01
      decentils:
         - 14.
         - 15.
         - 15.
         - 15.
         - 16.
         - 16.
         - 16.
         - 16.
         - 17.
distance:
   count: 3588
   min: 8.3609998226165771e-01
   max: 1.9967187500000000e+03
   median: 2.5861700057983398e+01
   mean: 5.1999099731445312e+01
   variance: 1.0160509765625000e+04
   stddev: 1.0079940032958984e+02
   skewness: 1.0004099845886230e+01
   decentils:
      - 7.8910236358642578e+00
      - 1.0869235992431641e+01
      - 1.4466306686401367e+01
      - 1.8999502182006836e+01
      - 2.5730623245239258e+01
      - 3.4609939575195312e+01
      - 4.6534664154052734e+01
      - 6.8325744628906250e+01
      - 1.0884602355957031e+02
