%YAML:1.0
---
# The following values contain the results of the statistical analysis for the keypoint distribution and detector results.
characteristics:
   response:
      count: 3600
      min: 1.1741487304687500e+04
      max: 8.4631335937500000e+04
      median: 1.8101494140625000e+04
      mean: 2.0445089843750000e+04
      variance: 61328488.
      stddev: 7.8312509765625000e+03
      skewness: 2.2876000404357910e+00
      decentils:
         - 1.3597246093750000e+04
         - 1.4744352539062500e+04
         - 1.5786451171875000e+04
         - 1.6941349609375000e+04
         - 1.8101494140625000e+04
         - 1.9605384765625000e+04
         - 2.1613806640625000e+04
         - 2.4880015625000000e+04
         - 2.9843826171875000e+04
   size:
      count: 3600
      min: 10.
      max: 21.
      median: 16.
      mean: 1.5574999809265137e+01
      variance: 1.3015999794006348e+00
      stddev: 1.1409000158309937e+00
      skewness: -3.3359998464584351e-01
      decentils:
         - 14.
         - 15.
         - 15.
         - 15.
         - 16.
         - 16.
         - 16.
         - 16.
         - 17.
distance:
   count: 3588
   min: 8.3609998226165771e-01
   max: 2.5615895996093750e+03
   median: 2.5861799240112305e+01
   mean: 5.1996799468994141e+01
   variance: 1.0129613281250000e+04
   stddev: 1.0064599609375000e+02
   skewness: 1.0467800140380859e+01
   decentils:
      - 7.8897757530212402e+00
      - 1.0858675003051758e+01
      - 1.4465565681457520e+01
      - 1.8967828750610352e+01
      - 2.5729984283447266e+01
      - 3.4533824920654297e+01
      - 4.6710823059082031e+01
      - 6.8397056579589844e+01
      - 1.0881394195556641e+02
