%YAML:1.0
---
classification:
   relevant_elements: 23132
   irrelevant_elements: 416668
   total_elements: 439800
   selected_elements: 152194
   true_positives: 7688
   false_positives: 144506
   true_negatives: 272162
   false_negatives: 15444
   precision: 5.0500000000000003e-02
   recall: 3.3240000000000003e-01
   fallout: 3.4680000000000000e-01
   sensitivity: 3.3240000000000003e-01
   specificity: 6.5320000000000000e-01
   rand_index: 6.3629999999999998e-01
   youden_index: -1.4500000000000001e-02
masked_points: 78200
