%YAML:1.0
---
# The following values contain the results of the statistical analysis for the keypoint distribution and detector results.
characteristics:
   response:
      count: 440400
      min: 1.3715476074218750e+03
      max: 9.6131671875000000e+04
      median: 6.7532421875000000e+03
      mean: 8.7356064453125000e+03
      variance: 40008876.
      stddev: 6.3252568359375000e+03
      skewness: 2.4761998653411865e+00
      decentils:
         - 3.5834702148437500e+03
         - 4.3365473632812500e+03
         - 5.0549174804687500e+03
         - 5.8315615234375000e+03
         - 6.7532426757812500e+03
         - 7.9283232421875000e+03
         - 9.5078330078125000e+03
         - 1.1900376953125000e+04
         - 1.6375275390625000e+04
   size:
      count: 440400
      min: 9.
      max: 21.
      median: 15.
      mean: 1.5405499458312988e+01
      variance: 8.6139994859695435e-01
      stddev: 9.2809998989105225e-01
      skewness: 2.5185098648071289e+01
      decentils:
         - 14.
         - 14.
         - 15.
         - 15.
         - 15.
         - 16.
         - 16.
         - 16.
         - 17.
distance:
   count: 438932
   min: 3.0140000581741333e-01
   max: 7.6477856445312500e+02
   median: 1.4060599327087402e+01
   mean: 2.2142999649047852e+01
   variance: 9.9953118896484375e+02
   stddev: 3.1615398406982422e+01
   skewness: 7.7772998809814453e+00
   decentils:
      - 6.8855195045471191e+00
      - 8.2368040084838867e+00
      - 1.0048798561096191e+01
      - 1.1929971694946289e+01
      - 1.4060597419738770e+01
      - 1.6987607955932617e+01
      - 2.0934391021728516e+01
      - 2.7188226699829102e+01
      - 4.1210037231445312e+01
