%YAML:1.0
---
# The following values contain the results of the statistical analysis for the keypoint distribution and detector results.
characteristics:
   response:
      count: 440400
      min: 1.3709022216796875e+03
      max: 9.6131671875000000e+04
      median: 6.7534916992187500e+03
      mean: 8.7360810546875000e+03
      variance: 40010528.
      stddev: 6.3253872070312500e+03
      skewness: 2.4760999679565430e+00
      decentils:
         - 3.5838518066406250e+03
         - 4.3369218750000000e+03
         - 5.0552211914062500e+03
         - 5.8317597656250000e+03
         - 6.7534916992187500e+03
         - 7.9286884765625000e+03
         - 9.5081406250000000e+03
         - 1.1901120117187500e+04
         - 1.6375836914062500e+04
   size:
      count: 440400
      min: 9.
      max: 21.
      median: 15.
      mean: 1.5405599594116211e+01
      variance: 8.6139994859695435e-01
      stddev: 9.2809998989105225e-01
      skewness: 2.5178199768066406e+01
      decentils:
         - 14.
         - 14.
         - 15.
         - 15.
         - 15.
         - 16.
         - 16.
         - 16.
         - 17.
distance:
   count: 438932
   min: 3.0159997940063477e-01
   max: 7.7649700927734375e+02
   median: 1.4060299873352051e+01
   mean: 2.2128799438476562e+01
   variance: 9.9383795166015625e+02
   stddev: 3.1525199890136719e+01
   skewness: 7.7455997467041016e+00
   decentils:
      - 6.8855309486389160e+00
      - 8.2368927001953125e+00
      - 1.0049070358276367e+01
      - 1.1930625915527344e+01
      - 1.4060166358947754e+01
      - 1.6984119415283203e+01
      - 2.0930738449096680e+01
      - 2.7188966751098633e+01
      - 4.1185813903808594e+01
