%YAML:1.0
---
# The following values contain the results of the statistical analysis for the keypoint distribution and detector results.
characteristics:
   response:
      count: 34200
      min: 2.7307026367187500e+03
      max: 9.8294015625000000e+04
      median: 9.8075800781250000e+03
      mean: 1.3478959960937500e+04
      variance: 110908840.
      stddev: 1.0531326171875000e+04
      skewness: 1.9587999582290649e+00
      decentils:
         - 4.6363046875000000e+03
         - 5.5293007812500000e+03
         - 6.6548925781250000e+03
         - 8.0293222656250000e+03
         - 9.8075810546875000e+03
         - 1.2124886718750000e+04
         - 1.5298740234375000e+04
         - 1.9784572265625000e+04
         - 2.7710623046875000e+04
   size:
      count: 34200
      min: 9.
      max: 20.
      median: 15.
      mean: 1.5250799179077148e+01
      variance: 1.5130000114440918e+00
      stddev: 1.2300000190734863e+00
      skewness: -1.4299999922513962e-02
      decentils:
         - 14.
         - 14.
         - 15.
         - 15.
         - 15.
         - 16.
         - 16.
         - 16.
         - 17.
distance:
   count: 34086
   min: 4.7089999914169312e-01
   max: 6.6506640625000000e+02
   median: 1.4569699287414551e+01
   mean: 2.2753799438476562e+01
   variance: 9.4780828857421875e+02
   stddev: 3.0786499023437500e+01
   skewness: 7.3965997695922852e+00
   decentils:
      - 7.1897110939025879e+00
      - 8.9093580245971680e+00
      - 1.0670699119567871e+01
      - 1.2319220542907715e+01
      - 1.4568053245544434e+01
      - 1.7606836318969727e+01
      - 2.1793764114379883e+01
      - 2.8610502243041992e+01
      - 4.2591503143310547e+01
