%YAML:1.0
---
# The following values contain the results of the statistical analysis for the keypoint distribution and detector results.
characteristics:
   response:
      count: 34200
      min: 2.7307026367187500e+03
      max: 9.8294015625000000e+04
      median: 9.8075800781250000e+03
      mean: 1.3478902343750000e+04
      variance: 110909912.
      stddev: 1.0531376953125000e+04
      skewness: 1.9586999416351318e+00
      decentils:
         - 4.6352929687500000e+03
         - 5.5293007812500000e+03
         - 6.6546435546875000e+03
         - 8.0289116210937500e+03
         - 9.8075810546875000e+03
         - 1.2124886718750000e+04
         - 1.5298740234375000e+04
         - 1.9784572265625000e+04
         - 2.7713250000000000e+04
   size:
      count: 34200
      min: 9.
      max: 20.
      median: 15.
      mean: 1.5250799179077148e+01
      variance: 1.5132999420166016e+00
      stddev: 1.2301999330520630e+00
      skewness: -1.5299999155104160e-02
      decentils:
         - 14.
         - 14.
         - 15.
         - 15.
         - 15.
         - 16.
         - 16.
         - 16.
         - 17.
distance:
   count: 34086
   min: 4.7089999914169312e-01
   max: 7.3000305175781250e+02
   median: 1.4574199676513672e+01
   mean: 2.2752799987792969e+01
   variance: 9.4430615234375000e+02
   stddev: 3.0729598999023438e+01
   skewness: 7.4252996444702148e+00
   decentils:
      - 7.1918730735778809e+00
      - 8.9093580245971680e+00
      - 1.0670520782470703e+01
      - 1.2319944381713867e+01
      - 1.4569514274597168e+01
      - 1.7606836318969727e+01
      - 2.1793317794799805e+01
      - 2.8608917236328125e+01
      - 4.2590724945068359e+01
