%YAML:1.0
---
classification:
   relevant_elements: 28836
   irrelevant_elements: 76574
   total_elements: 105410
   selected_elements: 41931
   true_positives: 14047
   false_positives: 27884
   true_negatives: 48690
   false_negatives: 14789
   precision: 3.3500000000000002e-01
   recall: 4.8710000000000003e-01
   fallout: 3.6410000000000003e-01
   sensitivity: 4.8710000000000003e-01
   specificity: 6.3590000000000002e-01
   rand_index: 5.9520000000000006e-01
   youden_index: 1.2300000000000001e-01
masked_points: 8
