%YAML:1.0
---
# The following values contain the results of the statistical analysis for the keypoint distribution and detector results.
characteristics:
   response:
      count: 105788
      min: 5.0005499267578125e+02
      max: 3.6009941406250000e+04
      median: 1.3163931884765625e+03
      mean: 2.3096745605468750e+03
      variance: 9408021.
      stddev: 3.0672497558593750e+03
      skewness: 3.9765999317169189e+00
      decentils:
         - 6.3936120605468750e+02
         - 7.7066735839843750e+02
         - 9.1622668457031250e+02
         - 1.0938471679687500e+03
         - 1.3162875976562500e+03
         - 1.6006665039062500e+03
         - 2.0093173828125000e+03
         - 2.6902319335937500e+03
         - 4.6868823242187500e+03
   size:
      count: 105788
      min: 9.
      max: 21.
      median: 15.
      mean: 1.4576499938964844e+01
      variance: 1.9574999809265137e+00
      stddev: 1.3990999460220337e+00
      skewness: 1.5250999927520752e+00
      decentils:
         - 13.
         - 13.
         - 14.
         - 14.
         - 15.
         - 15.
         - 15.
         - 16.
         - 16.
distance:
   count: 105366
   min: 1.7769999802112579e-01
   max: 1.0329916992187500e+03
   median: 8.4664993286132812e+00
   mean: 1.8298700332641602e+01
   variance: 1.5903833007812500e+03
   stddev: 3.9879600524902344e+01
   skewness: 8.7389993667602539e+00
   decentils:
      - 2.8530015945434570e+00
      - 4.2740201950073242e+00
      - 5.4602818489074707e+00
      - 7.0286097526550293e+00
      - 8.4658498764038086e+00
      - 1.0309278488159180e+01
      - 1.3140002250671387e+01
      - 1.9101566314697266e+01
      - 3.5599727630615234e+01
