%YAML:1.0
---
# The following values contain the results of the statistical analysis for the keypoint distribution and detector results.
characteristics:
   response:
      count: 105761
      min: 5.0005499267578125e+02
      max: 3.6009941406250000e+04
      median: 1.3163931884765625e+03
      mean: 2.3101296386718750e+03
      variance: 9410740.
      stddev: 3.0676926269531250e+03
      skewness: 3.9761998653411865e+00
      decentils:
         - 6.3963708496093750e+02
         - 7.7072326660156250e+02
         - 9.1657635498046875e+02
         - 1.0942120361328125e+03
         - 1.3163931884765625e+03
         - 1.6011900634765625e+03
         - 2.0097351074218750e+03
         - 2.6909235839843750e+03
         - 4.6915131835937500e+03
   size:
      count: 105761
      min: 9.
      max: 21.
      median: 15.
      mean: 1.4576499938964844e+01
      variance: 1.9559999704360962e+00
      stddev: 1.3985999822616577e+00
      skewness: 1.5249999761581421e+00
      decentils:
         - 13.
         - 13.
         - 14.
         - 14.
         - 15.
         - 15.
         - 15.
         - 16.
         - 16.
distance:
   count: 105339
   min: 1.5909999608993530e-01
   max: 1.0098272705078125e+03
   median: 8.4667997360229492e+00
   mean: 1.8309299468994141e+01
   variance: 1.6000447998046875e+03
   stddev: 4.0000598907470703e+01
   skewness: 8.7744998931884766e+00
   decentils:
      - 2.8528318405151367e+00
      - 4.2740201950073242e+00
      - 5.4615392684936523e+00
      - 7.0290832519531250e+00
      - 8.4658994674682617e+00
      - 1.0311014175415039e+01
      - 1.3139745712280273e+01
      - 1.9099903106689453e+01
      - 3.5554264068603516e+01
