%YAML:1.0
---
classification:
   relevant_elements: 28829
   irrelevant_elements: 76556
   total_elements: 105385
   selected_elements: 41910
   true_positives: 14038
   false_positives: 27872
   true_negatives: 48684
   false_negatives: 14791
   precision: 3.3500000000000002e-01
   recall: 4.8690000000000000e-01
   fallout: 3.6410000000000003e-01
   sensitivity: 4.8690000000000000e-01
   specificity: 6.3590000000000002e-01
   rand_index: 5.9520000000000006e-01
   youden_index: 1.2290000000000001e-01
masked_points: 8
