%YAML:1.0
---
# The following values contain the results of the statistical analysis for the keypoint distribution and detector results.
characteristics:
   response:
      count: 18000
      min: 1.9799999892711639e-02
      max: 1.4899998903274536e-01
      median: 4.5099999755620956e-02
      mean: 4.8399999737739563e-02
      variance: 2.9999998514540493e-04
      stddev: 1.7899999395012856e-02
      skewness: 8.6009997129440308e-01
      decentils:
         - 2.7883101254701614e-02
         - 3.2272584736347198e-02
         - 3.6343581974506378e-02
         - 4.0540527552366257e-02
         - 4.5121204107999802e-02
         - 5.0256844609975815e-02
         - 5.6390013545751572e-02
         - 6.3390932977199554e-02
         - 7.3208831250667572e-02
   size:
      count: 18000
      min: 5.0000996589660645e+00
      max: 2.4578678894042969e+02
      median: 6.6117997169494629e+00
      mean: 9.2789993286132812e+00
      variance: 8.2845901489257812e+01
      stddev: 9.1020002365112305e+00
      skewness: 7.7785997390747070e+00
      decentils:
         - 5.1730360984802246e+00
         - 5.3950023651123047e+00
         - 5.8399205207824707e+00
         - 6.2196335792541504e+00
         - 6.6117944717407227e+00
         - 7.5090785026550293e+00
         - 8.4376850128173828e+00
         - 1.0385911941528320e+01
         - 1.4629946708679199e+01
distance:
   count: 17988
   min: 0.
   max: 2.4290388183593750e+03
   median: 1.5729999542236328e+01
   mean: 2.3531799316406250e+01
   variance: 2.9054167480468750e+03
   stddev: 5.3901897430419922e+01
   skewness: 2.0493900299072266e+01
   decentils:
      - 0.
      - 4.4451184272766113e+00
      - 9.9688100814819336e+00
      - 1.2782773971557617e+01
      - 1.5720422744750977e+01
      - 1.9052677154541016e+01
      - 2.3288095474243164e+01
      - 2.9655010223388672e+01
      - 4.3684120178222656e+01
