%YAML:1.0
---
# The following values contain the results of the statistical analysis for the keypoint distribution and detector results.
characteristics:
   response:
      count: 18000
      min: 1.9799999892711639e-02
      max: 1.4899998903274536e-01
      median: 4.5099999755620956e-02
      mean: 4.8399999737739563e-02
      variance: 2.9999998514540493e-04
      stddev: 1.7899999395012856e-02
      skewness: 8.6079996824264526e-01
      decentils:
         - 2.7892591431736946e-02
         - 3.2277416437864304e-02
         - 3.6345645785331726e-02
         - 4.0540520101785660e-02
         - 4.5125018805265427e-02
         - 5.0260171294212341e-02
         - 5.6395776569843292e-02
         - 6.3388414680957794e-02
         - 7.3208048939704895e-02
   size:
      count: 18000
      min: 5.0000996589660645e+00
      max: 2.4578659057617188e+02
      median: 6.6101999282836914e+00
      mean: 9.2704000473022461e+00
      variance: 8.2481300354003906e+01
      stddev: 9.0818996429443359e+00
      skewness: 7.8007998466491699e+00
      decentils:
         - 5.1727218627929688e+00
         - 5.3943667411804199e+00
         - 5.8381419181823730e+00
         - 6.2176651954650879e+00
         - 6.6101527214050293e+00
         - 7.5035300254821777e+00
         - 8.4345464706420898e+00
         - 1.0380414962768555e+01
         - 1.4612747192382812e+01
distance:
   count: 17988
   min: 0.
   max: 2.4242905273437500e+03
   median: 1.5642899513244629e+01
   mean: 2.3475198745727539e+01
   variance: 2.6390312500000000e+03
   stddev: 5.1371498107910156e+01
   skewness: 2.0517700195312500e+01
   decentils:
      - 0.
      - 4.4797568321228027e+00
      - 9.9545068740844727e+00
      - 1.2759962081909180e+01
      - 1.5637558937072754e+01
      - 1.8972696304321289e+01
      - 2.3269725799560547e+01
      - 2.9651964187622070e+01
      - 4.4674793243408203e+01
