%YAML:1.0
---
# The following values contain the results of the statistical analysis for the keypoint distribution and detector results.
characteristics:
   response:
      count: 321526
      min: 1.3299999758601189e-02
      max: 1.5760000050067902e-01
      median: 4.3099999427795410e-02
      mean: 4.5800000429153442e-02
      variance: 4.9999996554106474e-04
      stddev: 2.1499998867511749e-02
      skewness: 7.4269998073577881e-01
      decentils:
         - 1.9647503271698952e-02
         - 2.5743119418621063e-02
         - 3.1612824648618698e-02
         - 3.7336189299821854e-02
         - 4.3083958327770233e-02
         - 4.9081832170486450e-02
         - 5.5587220937013626e-02
         - 6.3330888748168945e-02
         - 7.4997365474700928e-02
   size:
      count: 321526
      min: 5.
      max: 2.2700109863281250e+02
      median: 6.6124997138977051e+00
      mean: 9.7857999801635742e+00
      variance: 1.3671260070800781e+02
      stddev: 1.1692399978637695e+01
      skewness: 9.1079998016357422e+00
      decentils:
         - 5.1701998710632324e+00
         - 5.3928999900817871e+00
         - 5.8358755111694336e+00
         - 6.2145271301269531e+00
         - 6.6124391555786133e+00
         - 7.5836825370788574e+00
         - 8.6522855758666992e+00
         - 1.0728312492370605e+01
         - 1.5853392601013184e+01
distance:
   count: 320058
   min: 0.
   max: 4.9745230102539062e+02
   median: 1.7146299362182617e+01
   mean: 1.9407098770141602e+01
   variance: 3.7164810180664062e+02
   stddev: 1.9278200149536133e+01
   skewness: 6.2262997627258301e+00
   decentils:
      - 0.
      - 6.8278021812438965e+00
      - 1.1355579376220703e+01
      - 1.4433947563171387e+01
      - 1.7146120071411133e+01
      - 2.0067211151123047e+01
      - 2.3502655029296875e+01
      - 2.8165416717529297e+01
      - 3.6429851531982422e+01
