%YAML:1.0
---
# The following values contain the results of the statistical analysis for the keypoint distribution and detector results.
characteristics:
   response:
      count: 321529
      min: 1.3299999758601189e-02
      max: 1.5760000050067902e-01
      median: 4.3099999427795410e-02
      mean: 4.5800000429153442e-02
      variance: 4.9999996554106474e-04
      stddev: 2.1499998867511749e-02
      skewness: 7.4259996414184570e-01
      decentils:
         - 1.9647585228085518e-02
         - 2.5744056329131126e-02
         - 3.1611707061529160e-02
         - 3.7336766719818115e-02
         - 4.3085120618343353e-02
         - 4.9082681536674500e-02
         - 5.5587630718946457e-02
         - 6.3331060111522675e-02
         - 7.4997216463088989e-02
   size:
      count: 321529
      min: 5.
      max: 2.2700180053710938e+02
      median: 6.6120996475219727e+00
      mean: 9.7855997085571289e+00
      variance: 1.3674119567871094e+02
      stddev: 1.1693599700927734e+01
      skewness: 9.1077995300292969e+00
      decentils:
         - 5.1701860427856445e+00
         - 5.3929400444030762e+00
         - 5.8356308937072754e+00
         - 6.2143435478210449e+00
         - 6.6120371818542480e+00
         - 7.5833687782287598e+00
         - 8.6519365310668945e+00
         - 1.0727817535400391e+01
         - 1.5850375175476074e+01
distance:
   count: 320061
   min: 0.
   max: 4.9745239257812500e+02
   median: 1.7145500183105469e+01
   mean: 1.9406499862670898e+01
   variance: 3.7151440429687500e+02
   stddev: 1.9274700164794922e+01
   skewness: 6.2192997932434082e+00
   decentils:
      - 0.
      - 6.8287792205810547e+00
      - 1.1355723381042480e+01
      - 1.4431853294372559e+01
      - 1.7145498275756836e+01
      - 2.0067052841186523e+01
      - 2.3502441406250000e+01
      - 2.8166461944580078e+01
      - 3.6434055328369141e+01
