%YAML:1.0
---
classification:
   relevant_elements: 23035
   irrelevant_elements: 297979
   total_elements: 321014
   selected_elements: 126959
   true_positives: 18491
   false_positives: 108468
   true_negatives: 189511
   false_negatives: 4544
   precision: 1.4560000000000001e-01
   recall: 8.0270000000000008e-01
   fallout: 3.6399999999999999e-01
   sensitivity: 8.0270000000000008e-01
   specificity: 6.3600000000000001e-01
   rand_index: 6.4800000000000002e-01
   youden_index: 4.3870000000000003e-01
masked_points: 53364
