%YAML:1.0
---
# The following values contain the results of the statistical analysis for the keypoint distribution and detector results.
characteristics:
   response:
      count: 30614
      min: 1.3399999588727951e-02
      max: 1.5559999644756317e-01
      median: 7.0900000631809235e-02
      mean: 7.1499995887279510e-02
      variance: 7.9999997979030013e-04
      stddev: 2.7699999511241913e-02
      skewness: 6.8899996578693390e-02
      decentils:
         - 3.3803213387727737e-02
         - 4.7580514103174210e-02
         - 5.6161403656005859e-02
         - 6.3649713993072510e-02
         - 7.0875003933906555e-02
         - 7.8788809478282928e-02
         - 8.6820900440216064e-02
         - 9.6070908010005951e-02
         - 1.0811641812324524e-01
   size:
      count: 30614
      min: 5.
      max: 1.9225009155273438e+02
      median: 6.7561998367309570e+00
      mean: 9.6815996170043945e+00
      variance: 6.5835899353027344e+01
      stddev: 8.1139001846313477e+00
      skewness: 5.4254999160766602e+00
      decentils:
         - 5.1976447105407715e+00
         - 5.4589891433715820e+00
         - 5.9201235771179199e+00
         - 6.3023300170898438e+00
         - 6.7558388710021973e+00
         - 7.7836380004882812e+00
         - 9.0242900848388672e+00
         - 1.1539341926574707e+01
         - 1.7103063583374023e+01
distance:
   count: 30500
   min: 0.
   max: 4.2849899291992188e+02
   median: 1.6433799743652344e+01
   mean: 1.7570499420166016e+01
   variance: 2.9855078125000000e+02
   stddev: 1.7278598785400391e+01
   skewness: 5.5523996353149414e+00
   decentils:
      - 0.
      - 0.
      - 1.0087320327758789e+01
      - 1.3556692123413086e+01
      - 1.6433776855468750e+01
      - 1.9212182998657227e+01
      - 2.2340129852294922e+01
      - 2.6631858825683594e+01
      - 3.3507896423339844e+01
