%YAML:1.0
---
# The following values contain the results of the statistical analysis for the keypoint distribution and detector results.
characteristics:
   response:
      count: 30616
      min: 1.3399999588727951e-02
      max: 1.5559999644756317e-01
      median: 7.0900000631809235e-02
      mean: 7.1499995887279510e-02
      variance: 7.9999997979030013e-04
      stddev: 2.7699999511241913e-02
      skewness: 6.8700000643730164e-02
      decentils:
         - 3.3774770796298981e-02
         - 4.7580640763044357e-02
         - 5.6160144507884979e-02
         - 6.3642784953117371e-02
         - 7.0875003933906555e-02
         - 7.8784406185150146e-02
         - 8.6802631616592407e-02
         - 9.6063338220119476e-02
         - 1.0810067504644394e-01
   size:
      count: 30616
      min: 5.
      max: 1.9224989318847656e+02
      median: 6.7561998367309570e+00
      mean: 9.6813993453979492e+00
      variance: 6.5832199096679688e+01
      stddev: 8.1136999130249023e+00
      skewness: 5.4256997108459473e+00
      decentils:
         - 5.1976447105407715e+00
         - 5.4589891433715820e+00
         - 5.9199023246765137e+00
         - 6.3023295402526855e+00
         - 6.7556014060974121e+00
         - 7.7830977439880371e+00
         - 9.0229787826538086e+00
         - 1.1530550956726074e+01
         - 1.7096174240112305e+01
distance:
   count: 30502
   min: 0.
   max: 4.2849899291992188e+02
   median: 1.6433198928833008e+01
   mean: 1.7569499969482422e+01
   variance: 2.9853128051757812e+02
   stddev: 1.7278099060058594e+01
   skewness: 5.5527000427246094e+00
   decentils:
      - 0.
      - 0.
      - 1.0086698532104492e+01
      - 1.3556692123413086e+01
      - 1.6433204650878906e+01
      - 1.9210044860839844e+01
      - 2.2334434509277344e+01
      - 2.6630630493164062e+01
      - 3.3503032684326172e+01
