%YAML:1.0
---
# The following values contain the results of the statistical analysis for the keypoint distribution and detector results.
characteristics:
   response:
      count: 15861
      min: 1.3299999758601189e-02
      max: 1.1449999362230301e-01
      median: 3.6800000816583633e-02
      mean: 4.1999999433755875e-02
      variance: 4.9999996554106474e-04
      stddev: 2.2299999371170998e-02
      skewness: 7.7079999446868896e-01
      decentils:
         - 1.6959635540843010e-02
         - 2.0722115412354469e-02
         - 2.7087554335594177e-02
         - 3.0630484223365784e-02
         - 3.6817323416471481e-02
         - 4.2857449501752853e-02
         - 5.1978658884763718e-02
         - 6.2846012413501740e-02
         - 7.4283786118030548e-02
   size:
      count: 15861
      min: 5.0004997253417969e+00
      max: 2.0578250122070312e+02
      median: 1.0310999870300293e+01
      mean: 2.1850099563598633e+01
      variance: 8.9243316650390625e+02
      stddev: 2.9873600006103516e+01
      skewness: 2.7992999553680420e+00
      decentils:
         - 5.4974436759948730e+00
         - 6.3135085105895996e+00
         - 7.3800020217895508e+00
         - 8.4030885696411133e+00
         - 1.0311016082763672e+01
         - 1.2581862449645996e+01
         - 1.6320846557617188e+01
         - 2.6908193588256836e+01
         - 4.4162597656250000e+01
distance:
   count: 15439
   min: 0.
   max: 7.6199835205078125e+02
   median: 2.5089498519897461e+01
   mean: 4.0920997619628906e+01
   variance: 2.8070649414062500e+03
   stddev: 5.2981697082519531e+01
   skewness: 3.6353998184204102e+00
   decentils:
      - 0.
      - 7.7081084251403809e+00
      - 1.4002474784851074e+01
      - 1.9352975845336914e+01
      - 2.5070318222045898e+01
      - 3.1918090820312500e+01
      - 4.2597797393798828e+01
      - 6.2081462860107422e+01
      - 9.8463073730468750e+01
