%YAML:1.0
---
classification:
   relevant_elements: 6162
   irrelevant_elements: 9624
   total_elements: 15786
   selected_elements: 10007
   true_positives: 5997
   false_positives: 4010
   true_negatives: 5614
   false_negatives: 165
   precision: 5.9930000000000005e-01
   recall: 9.7320000000000007e-01
   fallout: 4.1670000000000001e-01
   sensitivity: 9.7320000000000007e-01
   specificity: 5.8330000000000004e-01
   rand_index: 7.3550000000000004e-01
   youden_index: 5.5659999999999998e-01
masked_points: 28
