%YAML:1.0
---
# The following values contain the results of the statistical analysis for the keypoint distribution and detector results.
characteristics:
   response:
      count: 15856
      min: 1.3299999758601189e-02
      max: 1.1449999362230301e-01
      median: 3.6800000816583633e-02
      mean: 4.1999999433755875e-02
      variance: 4.9999996554106474e-04
      stddev: 2.2299999371170998e-02
      skewness: 7.7129995822906494e-01
      decentils:
         - 1.6999762505292892e-02
         - 2.0735243335366249e-02
         - 2.7090677991509438e-02
         - 3.0631145462393761e-02
         - 3.6812931299209595e-02
         - 4.2826928198337555e-02
         - 5.1971830427646637e-02
         - 6.2813632190227509e-02
         - 7.4238449335098267e-02
   size:
      count: 15856
      min: 5.0005998611450195e+00
      max: 2.0578359985351562e+02
      median: 1.0319799423217773e+01
      mean: 2.1858098983764648e+01
      variance: 8.9259625244140625e+02
      stddev: 2.9876399993896484e+01
      skewness: 2.7986998558044434e+00
      decentils:
         - 5.4967398643493652e+00
         - 6.3136339187622070e+00
         - 7.3812117576599121e+00
         - 8.4051675796508789e+00
         - 1.0316082954406738e+01
         - 1.2584498405456543e+01
         - 1.6321723937988281e+01
         - 2.6880147933959961e+01
         - 4.3967056274414062e+01
distance:
   count: 15434
   min: 0.
   max: 7.6200775146484375e+02
   median: 2.5104898452758789e+01
   mean: 4.0924297332763672e+01
   variance: 2.8144553222656250e+03
   stddev: 5.3051399230957031e+01
   skewness: 3.6496999263763428e+00
   decentils:
      - 0.
      - 7.7091670036315918e+00
      - 1.4003442764282227e+01
      - 1.9358299255371094e+01
      - 2.5091424942016602e+01
      - 3.1918930053710938e+01
      - 4.2608474731445312e+01
      - 6.2095184326171875e+01
      - 9.8681892395019531e+01
